INSERT INTO state
    (id, name, preventsSpellCast, preventsFight, isSilent, cantBeMoved, cantBePushed, cantDealDamage, cantSwitchPosition, incurable, invulnerable, invulnerableMelee, invulnerableRange) 
VALUES 
(1, "Saoul", 0, 1, 0, 0, 0, 0, 0, 0, 0, 0, 0),
(2, "Chercheur d'âmes", 0, 0, 0, 0, 0, 0, 0, 0, 0, 0, 0),
(3, "Porteur", 1, 1, 0, 0, 0, 0, 0, 0, 0, 0, 0),
(5, "Désorienté", 0, 0, 0, 0, 0, 0, 0, 0, 0, 0, 0),
(6, "Enraciné", 0, 0, 0, 0, 1, 0, 1, 0, 0, 0, 0),
(7, "Pesanteur", 0, 0, 0, 0, 0, 0, 1, 0, 0, 0, 0),
(8, "Porté", 0, 0, 0, 0, 0, 0, 0, 0, 0, 0, 0),
(9, "Motivation Sylvestre", 0, 0, 0, 0, 0, 0, 0, 0, 0, 0, 0),
(10, "Apprivoisement", 0, 0, 0, 0, 0, 0, 0, 0, 0, 0, 0),
(11, "Chevauchant", 0, 0, 0, 0, 0, 0, 0, 0, 0, 0, 0),
(12, "Pas sage", 0, 0, 0, 0, 0, 0, 0, 0, 0, 0, 0),
(13, "Vraiment pas sage", 0, 0, 0, 0, 0, 0, 0, 0, 0, 0, 0),
(14, "Enneigé", 0, 0, 0, 0, 0, 0, 0, 0, 0, 0, 0),
(15, "Eveillé", 0, 0, 0, 0, 0, 0, 0, 0, 0, 0, 0),
(16, "Fragilisé", 0, 0, 0, 0, 0, 0, 0, 0, 0, 0, 0),
(17, "Séparé", 0, 0, 0, 0, 0, 0, 0, 0, 0, 0, 0),
(18, "Gelé", 1, 1, 0, 0, 0, 0, 0, 0, 0, 0, 0),
(19, "Fissuré", 1, 1, 0, 0, 0, 0, 0, 0, 0, 0, 0),
(26, "Endormi", 0, 0, 0, 0, 0, 0, 0, 0, 0, 0, 0),
(27, "Léopardo", 0, 0, 0, 0, 0, 0, 0, 0, 0, 0, 0),
(28, "Libre", 0, 0, 0, 0, 0, 0, 0, 0, 0, 0, 0),
(29, "Glyphe impaire", 0, 0, 0, 0, 0, 0, 0, 0, 0, 0, 0),
(30, "Glyphe paire", 0, 0, 0, 0, 0, 0, 0, 0, 0, 0, 0),
(31, "Encre primaire", 0, 0, 0, 0, 0, 0, 0, 0, 0, 0, 0),
(32, "Encre secondaire", 0, 0, 0, 0, 0, 0, 0, 0, 0, 0, 0),
(33, "Encre tertiaire", 0, 0, 0, 0, 0, 0, 0, 0, 0, 0, 0),
(34, "Encre quaternaire", 0, 0, 0, 0, 0, 0, 0, 0, 0, 0, 0),
(35, "Envie de tuer", 0, 0, 0, 0, 0, 0, 0, 0, 0, 0, 0),
(36, "Envie de paralyser", 0, 0, 0, 0, 0, 0, 0, 0, 0, 0, 0),
(37, "Envie de maudire", 0, 0, 0, 0, 0, 0, 0, 0, 0, 0, 0),
(38, "Envie d'empoisonner", 0, 0, 0, 0, 0, 0, 0, 0, 0, 0, 0),
(39, "Flou", 0, 0, 0, 0, 0, 0, 0, 0, 0, 0, 0),
(40, "Corrompu", 0, 0, 0, 0, 0, 0, 0, 0, 0, 0, 0),
(41, "Silencieux", 1, 0, 0, 0, 0, 0, 0, 0, 0, 0, 0),
(42, "Affaibli", 0, 1, 0, 0, 0, 0, 0, 0, 0, 0, 0),
(43, "OVNI", 0, 0, 0, 0, 0, 0, 0, 0, 0, 0, 0),
(49, "Goulifié", 0, 0, 0, 0, 0, 0, 0, 0, 0, 0, 0),
(50, "Décisif", 0, 0, 0, 0, 0, 0, 0, 0, 0, 0, 0),
(56, "Invulnérable", 0, 0, 0, 0, 0, 0, 0, 0, 1, 0, 0),
(57, "Compte à rebours - 2", 0, 0, 0, 0, 0, 0, 0, 0, 0, 0, 0),
(58, "Compte à rebours - 1", 0, 0, 0, 0, 0, 0, 0, 0, 0, 0, 0),
(60, "Dévoué", 0, 0, 0, 0, 0, 0, 0, 0, 0, 0, 0),
(61, "Bagarreur", 0, 0, 0, 0, 0, 0, 0, 0, 0, 0, 0),
(63, "Lourd", 0, 0, 0, 0, 0, 0, 0, 0, 0, 0, 0),
(64, "Glyphangueur", 0, 0, 0, 0, 0, 0, 0, 0, 0, 0, 0),
(65, "Oméga", 0, 0, 0, 0, 0, 0, 0, 0, 0, 0, 0),
(66, "Alpha", 0, 0, 0, 0, 0, 0, 0, 0, 0, 0, 0),
(67, "Bêta", 0, 0, 0, 0, 0, 0, 0, 0, 0, 0, 0),
(68, "Gamma", 0, 0, 0, 0, 0, 0, 0, 0, 0, 0, 0),
(69, "Delta", 0, 0, 0, 0, 0, 0, 0, 0, 0, 0, 0),
(70, "Alpha de Kordis", 0, 0, 0, 0, 0, 0, 0, 0, 0, 0, 0),
(71, "Bêta de Kordis", 0, 0, 0, 0, 0, 0, 0, 0, 0, 0, 0),
(72, "Gamma de Kordis", 0, 0, 0, 0, 0, 0, 0, 0, 0, 0, 0),
(74, "Zombi", 0, 0, 0, 0, 0, 0, 0, 0, 0, 0, 0),
(76, "Insoignable", 0, 0, 0, 0, 0, 0, 0, 1, 0, 0, 0),
(77, "Faiblesse", 0, 0, 0, 0, 0, 0, 0, 0, 0, 0, 0),
(79, "Seconde", 0, 0, 0, 0, 0, 0, 0, 0, 0, 0, 0),
(80, "Tierce", 0, 0, 0, 0, 0, 0, 0, 0, 0, 0, 0),
(81, "Quarte", 0, 0, 0, 0, 0, 0, 0, 0, 0, 0, 0),
(82, "Quinte", 0, 0, 0, 0, 0, 0, 0, 0, 0, 0, 0),
(83, "Sixte", 0, 0, 0, 0, 0, 0, 0, 0, 0, 0, 0),
(84, "Septième", 0, 0, 0, 0, 0, 0, 0, 0, 0, 0, 0),
(85, "Octave", 0, 0, 0, 0, 0, 0, 0, 0, 0, 0, 0),
(86, "Fulguration", 0, 0, 0, 0, 0, 0, 0, 0, 0, 0, 0),
(87, "Floutage", 0, 0, 0, 0, 0, 0, 0, 0, 0, 0, 0),
(88, "Résuglours", 0, 0, 0, 0, 0, 0, 0, 0, 0, 0, 0),
(89, "Flamboyant", 0, 0, 0, 0, 0, 0, 0, 0, 0, 0, 0),
(90, "Ectoplasmique", 0, 0, 0, 0, 0, 0, 0, 0, 0, 0, 0),
(91, "Ardent", 0, 0, 0, 0, 0, 0, 0, 0, 0, 0, 0),
(92, "Kaboom", 0, 0, 0, 0, 0, 0, 0, 0, 0, 0, 0),
(93, "Fonso Cacnoob", 0, 0, 0, 0, 0, 0, 0, 0, 0, 0, 0),
(94, "Pacette Foinoube", 0, 0, 0, 0, 0, 0, 0, 0, 0, 0, 0),
(95, "Intacleur", 0, 0, 0, 0, 0, 0, 0, 0, 0, 0, 0),
(96, "Intaclable", 0, 0, 0, 0, 0, 0, 0, 0, 0, 0, 0),
(97, "Indéplaçable", 0, 0, 0, 1, 0, 0, 0, 0, 0, 0, 0),
(98, "Intrépide", 0, 0, 0, 0, 0, 0, 0, 0, 0, 0, 0),
(99, "Psychopathe", 0, 0, 0, 0, 0, 0, 0, 0, 0, 0, 0),
(100, "Pleutre", 0, 0, 0, 0, 0, 0, 0, 0, 0, 0, 0),
(102, "Gorgouillis", 0, 0, 0, 0, 0, 0, 0, 0, 0, 0, 0),
(103, "Fortifié", 0, 0, 0, 0, 0, 0, 0, 0, 0, 0, 0),
(104, "Rupture", 0, 0, 0, 0, 0, 0, 0, 0, 0, 0, 0),
(105, "Tyrannisé", 0, 0, 0, 0, 0, 0, 0, 0, 0, 0, 0),
(106, "Météoroïde", 0, 0, 0, 0, 0, 0, 0, 0, 0, 0, 0),
(107, "Masse Critique", 0, 0, 0, 0, 0, 0, 0, 0, 0, 0, 0),
(108, "Apocalypse", 0, 0, 0, 0, 0, 0, 0, 0, 0, 0, 0),
(109, "Rubilax", 0, 0, 0, 0, 0, 0, 0, 0, 0, 0, 0),
(110, "« L'Épée »", 0, 0, 0, 0, 0, 0, 0, 0, 0, 0, 0),
(111, "Première Marque de Daïgoro", 0, 0, 0, 0, 0, 0, 0, 0, 0, 0, 0),
(112, "Deuxième Marque de Daïgoro", 0, 0, 0, 0, 0, 0, 0, 0, 0, 0, 0),
(113, "Troisième Marque de Daïgoro", 0, 0, 0, 0, 0, 0, 0, 0, 0, 0, 0),
(114, "Quatrième Marque de Daïgoro", 0, 0, 0, 0, 0, 0, 0, 0, 0, 0, 0),
(115, "Cinquième Marque de Daïgoro", 0, 1, 0, 0, 0, 0, 0, 0, 0, 0, 0),
(116, "Vert de Terre", 0, 0, 0, 0, 0, 0, 0, 0, 0, 0, 0),
(117, "Rose aux Flammes", 0, 0, 0, 0, 0, 0, 0, 0, 0, 0, 0),
(118, "Azur Bain", 0, 0, 0, 0, 0, 0, 0, 0, 0, 0, 0),
(119, "Ex Jaune Air", 0, 0, 0, 0, 0, 0, 0, 0, 0, 0, 0),
(120, "Déplacé", 0, 0, 0, 0, 0, 0, 0, 0, 0, 0, 0),
(121, "Charge", 0, 0, 0, 0, 0, 0, 0, 0, 0, 0, 0),
(122, "Décharge", 0, 0, 0, 0, 0, 0, 0, 0, 0, 0, 0),
(123, "Surcharge", 0, 0, 0, 0, 0, 0, 0, 0, 0, 0, 0),
(124, "Grand Frère", 0, 0, 0, 0, 0, 0, 0, 0, 0, 0, 0),
(125, "Petite Sœur", 0, 0, 0, 0, 0, 0, 0, 0, 0, 0, 0),
(126, "Magnétor", 0, 0, 0, 0, 0, 0, 0, 0, 0, 0, 0),
(127, "Tellurique", 0, 0, 0, 0, 0, 0, 0, 0, 0, 0, 0),
(128, "Aquatique", 0, 0, 0, 0, 0, 0, 0, 0, 0, 0, 0),
(129, "Ardent", 0, 0, 0, 0, 0, 0, 0, 0, 0, 0, 0),
(130, "Embuscade", 0, 0, 0, 0, 0, 0, 0, 0, 0, 0, 0),
(131, "Secourisme", 0, 0, 0, 0, 0, 0, 0, 0, 0, 0, 0),
(132, "Longue vue", 0, 0, 0, 0, 0, 0, 0, 0, 0, 0, 0),
(133, "Cuirasse", 0, 0, 0, 0, 0, 0, 0, 0, 0, 0, 0),
(134, "Evolution II", 0, 0, 0, 0, 0, 0, 0, 0, 0, 0, 0),
(135, "Evolution III", 0, 0, 0, 0, 0, 0, 0, 0, 0, 0, 0),
(136, "Endeuillé", 0, 0, 0, 0, 0, 0, 0, 0, 0, 0, 0),
(137, "Kwaflamme", 0, 0, 0, 0, 0, 0, 0, 0, 0, 0, 0),
(138, "Kwaglace", 0, 0, 0, 0, 0, 0, 0, 0, 0, 0, 0),
(139, "Kwaterre", 0, 0, 0, 0, 0, 0, 0, 0, 0, 0, 0),
(140, "Kwavent", 0, 0, 0, 0, 0, 0, 0, 0, 0, 0, 0),
(141, "Kwaneutre", 0, 0, 0, 0, 0, 0, 0, 0, 0, 0, 0),
(142, "Pandawushae", 0, 0, 0, 0, 0, 0, 0, 0, 0, 0, 0),
(143, "Pandawushak", 0, 0, 0, 0, 0, 0, 0, 0, 0, 0, 0),
(144, "Pandawushfe", 0, 0, 0, 0, 0, 0, 0, 0, 0, 0, 0),
(145, "Pandawushte", 0, 0, 0, 0, 0, 0, 0, 0, 0, 0, 0),
(146, "Pandawushne", 0, 0, 0, 0, 0, 0, 0, 0, 0, 0, 0),
(147, "Courte vue", 0, 0, 0, 0, 0, 0, 0, 0, 0, 0, 0),
(148, "Corselet", 0, 0, 0, 0, 0, 0, 0, 0, 0, 0, 0),
(149, "Dingue", 0, 0, 0, 0, 0, 0, 0, 0, 0, 0, 0),
(150, "Emberlificoté", 0, 0, 0, 0, 0, 0, 0, 0, 0, 0, 0),
(151, "Précipité", 0, 1, 0, 0, 0, 0, 0, 0, 0, 0, 0),
(152, "Peau lisse", 0, 0, 0, 0, 0, 0, 0, 0, 0, 0, 0),
(153, "Surgelé", 0, 0, 0, 0, 0, 0, 0, 0, 0, 0, 0),
(156, "Thermolacté", 0, 0, 0, 0, 0, 0, 0, 0, 0, 0, 0),
(157, "Inébranlable", 0, 0, 0, 0, 1, 0, 0, 0, 0, 0, 0),
(158, "Marionnette", 0, 0, 0, 0, 0, 0, 0, 0, 0, 0, 0),
(159, "Acte 1", 0, 0, 0, 0, 0, 0, 0, 0, 0, 0, 0),
(160, "Acte 2", 0, 0, 0, 0, 0, 0, 0, 0, 0, 0, 0),
(161, "Acte 3", 0, 0, 0, 0, 0, 0, 0, 0, 0, 0, 0),
(162, "Acte 4", 0, 0, 0, 0, 0, 0, 0, 0, 0, 0, 0),
(163, "Acte 5", 0, 0, 0, 0, 0, 0, 0, 0, 0, 0, 0),
(164, "Pénitent", 0, 0, 0, 0, 0, 0, 0, 0, 0, 0, 0),
(165, "Béni", 0, 0, 0, 0, 0, 0, 0, 0, 0, 0, 0),
(166, "Exalté", 0, 0, 0, 0, 0, 0, 0, 0, 0, 0, 0),
(167, "Mélancolique", 0, 0, 0, 0, 0, 0, 0, 0, 0, 0, 0),
(168, "Pentacle", 0, 0, 0, 0, 0, 0, 0, 0, 0, 0, 0),
(169, "Bruyant", 0, 0, 0, 0, 0, 0, 0, 0, 0, 0, 0),
(170, "Acte 6", 0, 0, 0, 0, 0, 0, 0, 0, 0, 0, 0),
(171, "Foudroyé", 0, 0, 0, 0, 0, 0, 0, 0, 0, 0, 0),
(172, "Empathique", 0, 0, 0, 0, 0, 0, 0, 0, 0, 0, 0),
(173, "Parasite granuleux", 0, 0, 0, 0, 0, 0, 0, 0, 0, 0, 0),
(174, "Parasite éclos", 0, 0, 0, 0, 0, 0, 0, 0, 0, 0, 0),
(175, "Parasite fleuri", 0, 0, 0, 0, 0, 0, 0, 0, 0, 0, 0),
(176, "Friture", 0, 0, 0, 0, 0, 0, 0, 0, 0, 0, 0),
(177, "Poulpé", 0, 0, 0, 0, 0, 0, 0, 0, 0, 0, 0),
(178, "Araknophobe", 0, 0, 0, 0, 0, 0, 0, 0, 0, 0, 0),
(179, "Androphobe", 0, 0, 0, 0, 0, 0, 0, 0, 0, 0, 0),
(180, "Araneae", 0, 0, 0, 0, 0, 0, 0, 0, 0, 0, 0),
(181, "Misandrie", 0, 0, 0, 0, 0, 0, 0, 0, 0, 0, 0),
(182, "Chargé", 0, 0, 0, 0, 0, 0, 0, 0, 0, 0, 0),
(183, "Scorifié", 0, 0, 0, 0, 0, 0, 0, 0, 0, 0, 0),
(184, "Protégé", 0, 0, 0, 0, 0, 0, 0, 0, 0, 0, 0),
(185, "Trop Saoul", 0, 0, 0, 0, 0, 0, 0, 0, 0, 0, 0),
(186, "Courageux", 0, 0, 0, 0, 0, 0, 0, 0, 0, 0, 0),
(187, "Veinard", 0, 0, 0, 0, 0, 0, 0, 0, 0, 0, 0),
(188, "Redirection", 0, 0, 0, 0, 0, 0, 0, 0, 0, 0, 0),
(189, "Mal des transports", 0, 0, 0, 0, 0, 0, 0, 0, 0, 0, 0),
(190, "Tumvoipu", 0, 0, 1, 0, 0, 0, 0, 0, 0, 0, 0),
(191, "Marque des Mangelors", 0, 0, 0, 0, 0, 0, 0, 0, 0, 0, 0),
(192, "Coffrage", 0, 0, 0, 0, 0, 0, 0, 0, 0, 0, 0),
(193, "Glyphor", 0, 0, 0, 0, 0, 0, 0, 0, 0, 0, 0),
(194, "Seul", 0, 0, 0, 0, 0, 0, 0, 0, 0, 0, 0),
(195, "Mèche courte", 0, 0, 0, 0, 0, 0, 0, 0, 0, 0, 0),
(197, "Mort en sursis", 0, 0, 0, 0, 0, 0, 0, 0, 0, 0, 0),
(198, "Désamorcée", 0, 0, 0, 0, 0, 0, 0, 0, 0, 0, 0),
(199, "Marqueur Chimique", 0, 0, 0, 0, 0, 0, 0, 0, 0, 0, 0),
(200, "Sang", 0, 0, 0, 0, 0, 0, 0, 0, 0, 0, 0),
(201, "Sel", 0, 0, 0, 0, 0, 0, 0, 0, 0, 0, 0),
(202, "Or", 0, 0, 0, 0, 0, 0, 0, 0, 0, 0, 0),
(203, "Jouvence", 0, 0, 0, 0, 0, 0, 0, 0, 0, 0, 0),
(204, "Indulgent I", 0, 0, 0, 0, 0, 0, 0, 0, 0, 0, 0),
(205, "Indulgent II", 0, 0, 0, 0, 0, 0, 0, 0, 0, 0, 0),
(206, "Indulgent III", 0, 0, 0, 0, 0, 0, 0, 0, 0, 0, 0),
(207, "Indulgent IV", 0, 0, 0, 0, 0, 0, 0, 0, 0, 0, 0),
(208, "Indulgent V", 0, 0, 0, 0, 0, 0, 0, 0, 0, 0, 0),
(209, "Indulgent VI", 0, 0, 0, 0, 0, 0, 0, 0, 0, 0, 0),
(210, "Indulgent VII", 0, 0, 0, 0, 0, 0, 0, 0, 0, 0, 0),
(211, "Indulgent VIII", 0, 0, 0, 0, 0, 0, 0, 0, 0, 0, 0),
(212, "Indulgent IX", 0, 0, 0, 0, 0, 0, 0, 0, 0, 0, 0),
(213, "Indulgent X", 0, 0, 0, 0, 0, 0, 0, 0, 0, 0, 0),
(214, "Disloqué", 0, 0, 1, 0, 0, 0, 0, 0, 0, 0, 0),
(215, "Infection", 0, 0, 0, 0, 0, 0, 0, 0, 0, 0, 0),
(216, "Passeur", 0, 0, 0, 0, 0, 0, 0, 0, 0, 0, 0),
(217, "Temporisateur", 0, 0, 0, 0, 0, 0, 0, 0, 0, 0, 0),
(218, "Pacifiste", 0, 0, 0, 0, 0, 1, 0, 0, 0, 0, 0),
(219, "Voyageur", 0, 0, 0, 0, 0, 0, 0, 0, 0, 0, 0),
(220, "Instable", 0, 0, 0, 0, 0, 0, 0, 0, 0, 0, 0),
(221, "Première heure", 0, 0, 0, 0, 0, 0, 0, 0, 0, 0, 0),
(222, "Deuxième heure", 0, 0, 0, 0, 0, 0, 0, 0, 0, 0, 0),
(223, "Troisième heure", 0, 0, 0, 0, 0, 0, 0, 0, 0, 0, 0),
(224, "Quatrième heure", 0, 0, 0, 0, 0, 0, 0, 0, 0, 0, 0),
(225, "Cinquième heure", 0, 0, 0, 0, 0, 0, 0, 0, 0, 0, 0),
(226, "Sixième heure", 0, 0, 0, 0, 0, 0, 0, 0, 0, 0, 0),
(227, "Septième heure", 0, 0, 0, 0, 0, 0, 0, 0, 0, 0, 0),
(228, "Huitième heure", 0, 0, 0, 0, 0, 0, 0, 0, 0, 0, 0),
(229, "Neuvième heure", 0, 0, 0, 0, 0, 0, 0, 0, 0, 0, 0),
(230, "Dixième heure", 0, 0, 0, 0, 0, 0, 0, 0, 0, 0, 0),
(231, "Onzième heure", 0, 0, 0, 0, 0, 0, 0, 0, 0, 0, 0),
(232, "Douzième heure", 0, 0, 0, 0, 0, 0, 0, 0, 0, 0, 0),
(233, "Mort latente", 0, 0, 1, 0, 0, 0, 0, 0, 0, 0, 0),
(234, "Même heure", 0, 0, 0, 0, 0, 0, 0, 0, 0, 0, 0),
(236, "Marginal", 0, 0, 1, 0, 0, 0, 0, 0, 0, 0, 0),
(237, "Dérèglement", 0, 0, 1, 0, 0, 0, 0, 0, 0, 0, 0),
(238, "Hypoglyphe", 0, 0, 1, 0, 0, 0, 0, 0, 0, 0, 0),
(239, "Bien entouré", 0, 0, 1, 0, 0, 0, 0, 0, 0, 0, 0),
(241, "Sérum", 0, 0, 0, 0, 0, 0, 0, 0, 0, 0, 0),
(243, "Coffre invoqué", 0, 0, 0, 0, 0, 0, 0, 0, 0, 0, 0),
(244, "Téléfrag", 0, 0, 0, 0, 0, 0, 0, 0, 0, 0, 0),
(245, "Momie", 0, 0, 0, 0, 0, 0, 0, 0, 0, 0, 0),
(246, "Paradoxe temporel", 0, 0, 1, 0, 0, 0, 0, 0, 0, 0, 0),
(248, "Portail", 0, 0, 0, 0, 0, 0, 0, 0, 0, 0, 0),
(249, "Immunité temporelle", 0, 0, 0, 0, 0, 0, 0, 0, 0, 0, 0),
(250, "Invisible", 0, 0, 1, 0, 0, 0, 0, 0, 0, 0, 0),
(251, "Téléfrag", 0, 0, 0, 0, 0, 0, 0, 0, 0, 0, 0),
(253, "Cocon", 0, 0, 0, 0, 0, 0, 0, 0, 0, 0, 0),
(254, "Maturité", 0, 0, 0, 0, 0, 0, 0, 0, 0, 0, 0),
(255, "Dévoué", 0, 0, 0, 0, 0, 0, 0, 0, 0, 0, 0),
(256, "Arbre Feuillu", 0, 0, 1, 0, 1, 0, 0, 0, 0, 0, 0),
(258, "Marque Ninja", 0, 0, 0, 0, 0, 0, 0, 0, 0, 0, 0),
(259, "Bloqueuse", 0, 0, 1, 0, 0, 0, 0, 0, 0, 0, 0),
(260, "Écologiste", 0, 0, 1, 0, 0, 0, 0, 0, 0, 0, 0),
(261, "Écologiste", 0, 0, 0, 0, 0, 0, 0, 0, 0, 0, 0),
(263, "Infecté", 0, 0, 0, 0, 0, 0, 0, 0, 0, 0, 0),
(264, "Empoisonné", 0, 0, 0, 0, 0, 0, 0, 0, 0, 0, 0),
(265, "Proie", 0, 0, 0, 0, 0, 0, 0, 0, 0, 0, 0),
(266, "Bretteur Céleste", 0, 0, 0, 0, 0, 0, 0, 0, 0, 0, 0),
(267, "Foudroyé", 0, 0, 0, 0, 0, 0, 0, 0, 0, 0, 0),
(268, "Duel", 0, 0, 0, 0, 0, 0, 0, 0, 0, 0, 0),
(269, "Invulnérable", 0, 0, 0, 0, 0, 0, 0, 0, 1, 0, 0),
(270, "Super Singe", 0, 0, 0, 0, 0, 0, 0, 0, 0, 0, 0),
(271, "Rayonnement lunaire", 0, 0, 0, 0, 0, 0, 0, 0, 0, 0, 0),
(272, "Feu de Bolgrot", 0, 0, 1, 0, 0, 0, 0, 0, 0, 0, 0),
(276, "Etat générique 4", 0, 0, 1, 0, 0, 0, 0, 0, 0, 0, 0),
(277, "Etat générique 3", 0, 0, 1, 0, 0, 0, 0, 0, 0, 0, 0),
(278, "Etat générique 2", 0, 0, 1, 0, 0, 0, 0, 0, 0, 0, 0),
(279, "Etat générique 1", 0, 0, 1, 0, 0, 0, 0, 0, 0, 0, 0),
(280, "Transcendance Spirituelle", 0, 0, 0, 0, 0, 0, 0, 0, 0, 0, 0),
(281, "Amélioré", 0, 0, 0, 0, 0, 0, 0, 0, 0, 0, 0),
(282, "Goémus", 0, 0, 0, 0, 0, 0, 0, 0, 0, 0, 0),
(283, "Norie", 0, 0, 0, 0, 0, 0, 0, 0, 0, 0, 0),
(284, "Kelpe", 0, 0, 0, 0, 0, 0, 0, 0, 0, 0, 0),
(285, "Cyanog", 0, 0, 0, 0, 0, 0, 0, 0, 0, 0, 0),
(286, "Verak", 0, 0, 0, 0, 0, 0, 0, 0, 0, 0, 0),
(287, "Explosif", 0, 0, 0, 0, 0, 0, 0, 0, 0, 0, 0),
(288, "Immunité", 0, 0, 0, 0, 0, 0, 0, 0, 0, 0, 0),
(290, "Feu", 0, 0, 0, 0, 0, 0, 0, 0, 0, 0, 0),
(291, "Eau", 0, 0, 0, 0, 0, 0, 0, 0, 0, 0, 0),
(292, "Terre", 0, 0, 0, 0, 0, 0, 0, 0, 0, 0, 0),
(293, "Air", 0, 0, 0, 0, 0, 0, 0, 0, 0, 0, 0),
(295, "Soin glyphe", 0, 0, 1, 0, 0, 0, 0, 0, 0, 0, 0),
(296, "Rune", 0, 0, 1, 0, 0, 0, 0, 0, 0, 0, 0),
(297, "Muta", 0, 0, 1, 0, 0, 0, 0, 0, 0, 0, 0),
(298, "Djim", 0, 0, 0, 0, 0, 0, 0, 0, 1, 0, 0),
(299, "Ultram", 0, 0, 0, 0, 0, 0, 0, 0, 1, 0, 0),
(300, "Markalakulote", 0, 0, 0, 0, 0, 0, 0, 0, 0, 0, 0),
(301, "Reculpa", 0, 0, 0, 1, 1, 0, 1, 0, 0, 0, 0),
(302, "Pierre", 0, 0, 0, 0, 0, 0, 0, 0, 0, 0, 0),
(303, "Feuille", 0, 0, 0, 0, 0, 0, 0, 0, 0, 0, 0),
(304, "Ciseaux", 0, 0, 0, 0, 0, 0, 0, 0, 0, 0, 0),
(305, "Chassé", 0, 0, 0, 0, 0, 0, 0, 0, 0, 0, 0),
(306, "Synchronisé", 0, 0, 0, 0, 0, 0, 0, 0, 0, 0, 0),
(307, "Maudit", 0, 0, 0, 0, 0, 0, 0, 0, 0, 0, 0),
(313, "Dé 1", 0, 0, 0, 0, 0, 0, 0, 0, 0, 0, 0),
(314, "Dé 2", 0, 0, 0, 0, 0, 0, 0, 0, 0, 0, 0),
(315, "Dé 3", 0, 0, 0, 0, 0, 0, 0, 0, 0, 0, 0),
(316, "Dé 4", 0, 0, 0, 0, 0, 0, 0, 0, 0, 0, 0),
(317, "Dé 5", 0, 0, 0, 0, 0, 0, 0, 0, 0, 0, 0),
(318, "Dé 6", 0, 0, 0, 0, 0, 0, 0, 0, 0, 0, 0),
(324, "Rouge", 0, 0, 0, 0, 0, 0, 0, 0, 0, 0, 0),
(325, "Noir", 0, 0, 0, 0, 0, 0, 0, 0, 0, 0, 0),
(326, "Dé 1 bis", 0, 0, 1, 0, 0, 0, 0, 0, 0, 0, 0),
(327, "Dé 2 bis", 0, 0, 1, 0, 0, 0, 0, 0, 0, 0, 0),
(328, "Dé 3 bis", 0, 0, 1, 0, 0, 0, 0, 0, 0, 0, 0),
(329, "Dé 4 bis", 0, 0, 1, 0, 0, 0, 0, 0, 0, 0, 0),
(330, "Dé 5 bis", 0, 0, 1, 0, 0, 0, 0, 0, 0, 0, 0),
(331, "Dé 6 bis", 0, 0, 1, 0, 0, 0, 0, 0, 0, 0, 0),
(334, "Mutation I", 0, 0, 0, 0, 0, 0, 0, 0, 0, 0, 0),
(335, "Mutation II", 0, 0, 0, 0, 0, 0, 0, 0, 0, 0, 0),
(336, "Mutation III", 0, 0, 0, 0, 0, 0, 0, 0, 0, 0, 0),
(338, "Vewwouillé", 0, 0, 0, 0, 0, 0, 0, 0, 0, 0, 0),
(339, "Pourrification", 0, 0, 0, 0, 0, 0, 0, 0, 0, 0, 0),
(340, "Poutrage", 0, 0, 0, 0, 0, 0, 0, 0, 0, 0, 0),
(341, "Etat générique 5", 0, 0, 1, 0, 0, 0, 0, 0, 0, 0, 0),
(342, "Etat générique 6", 0, 0, 1, 0, 0, 0, 0, 0, 0, 0, 0),
(343, "Etat générique 7", 0, 0, 1, 0, 0, 0, 0, 0, 0, 0, 0),
(344, "Etat générique 8", 0, 0, 1, 0, 0, 0, 0, 0, 0, 0, 0),
(345, "Etat générique 9", 0, 0, 1, 0, 0, 0, 0, 0, 0, 0, 0),
(346, "Chaloeil - Blanc", 0, 0, 1, 0, 0, 0, 0, 0, 0, 0, 0),
(347, "Chaloeil - Noir", 0, 0, 1, 0, 0, 0, 0, 0, 0, 0, 0),
(348, "Matoumorphose", 0, 0, 0, 0, 0, 0, 0, 0, 0, 0, 0),
(349, "Stimulé", 0, 0, 0, 0, 0, 0, 0, 0, 0, 0, 0),
(353, "Telefrag Rembobinage", 0, 0, 1, 0, 0, 0, 0, 0, 0, 0, 0),
(354, "Telefrag Poussière", 0, 0, 1, 0, 0, 0, 0, 0, 0, 0, 0),
(355, "Telefrag Raulebaque", 0, 0, 1, 0, 0, 0, 0, 0, 0, 0, 0),
(356, "Telefrag Gelure", 0, 0, 1, 0, 0, 0, 0, 0, 0, 0, 0),
(357, "Telefrag Fuite", 0, 0, 1, 0, 0, 0, 0, 0, 0, 0, 0),
(358, "Telefrag Paradoxe", 0, 0, 1, 0, 0, 0, 0, 0, 0, 0, 0),
(359, "Telefrag Frappe", 0, 0, 1, 0, 0, 0, 0, 0, 0, 0, 0),
(360, "Telefrag Téléportation", 0, 0, 1, 0, 0, 0, 0, 0, 0, 0, 0),
(361, "Contribution", 0, 0, 1, 0, 0, 0, 0, 0, 0, 0, 0),
(362, "Parpo allié", 0, 0, 1, 0, 0, 0, 0, 0, 0, 0, 0),
(363, "Parpo ennemi", 0, 0, 1, 0, 0, 0, 0, 0, 0, 0, 0),
(364, "Transko", 0, 0, 1, 0, 0, 0, 0, 0, 0, 0, 0),
(365, "Invulnérable", 0, 0, 0, 0, 0, 0, 0, 0, 1, 0, 0),
(366, "Imunité - Chaloeil", 0, 0, 1, 0, 0, 0, 0, 0, 0, 0, 0),
(367, "Dé 1", 0, 0, 0, 0, 0, 0, 0, 0, 0, 0, 0),
(368, "Dé 2", 0, 0, 0, 0, 0, 0, 0, 0, 0, 0, 0),
(369, "Dé 3", 0, 0, 0, 0, 0, 0, 0, 0, 0, 0, 0),
(370, "Dé 4", 0, 0, 0, 0, 0, 0, 0, 0, 0, 0, 0),
(371, "Dé 5", 0, 0, 0, 0, 0, 0, 0, 0, 0, 0, 0),
(372, "Dé 6", 0, 0, 0, 0, 0, 0, 0, 0, 0, 0, 0),
(373, "Relance - Chaloeil", 0, 0, 1, 0, 0, 0, 0, 0, 0, 0, 0),
(374, "Matoumorphose", 0, 0, 0, 0, 0, 0, 0, 0, 0, 0, 0),
(375, "Invulnérabilité à Distance", 0, 0, 0, 0, 0, 0, 0, 0, 0, 0, 1),
(376, "Invulnérabilité en Mêlée", 0, 0, 0, 0, 0, 0, 0, 0, 0, 1, 0),
(377, "Matoumorphose", 0, 0, 0, 0, 0, 0, 0, 0, 0, 0, 0),
(378, "Parasité", 0, 0, 0, 0, 0, 0, 0, 0, 0, 0, 0),
(379, "Indéplaçable", 0, 0, 0, 1, 0, 0, 0, 0, 0, 0, 0),
(380, "C'est toi le Chacha !", 0, 0, 0, 0, 0, 0, 0, 0, 0, 0, 0),
(381, "Cible prioritaire", 0, 0, 0, 0, 0, 0, 0, 0, 0, 0, 0),
(384, "Embargo", 0, 0, 0, 0, 0, 0, 0, 0, 0, 0, 0),
(386, "Phuan", 0, 0, 0, 0, 0, 0, 0, 0, 0, 0, 0),
(387, "Stimulé", 0, 0, 0, 0, 0, 0, 0, 0, 0, 0, 0),
(388, "Cauchemar", 0, 0, 0, 1, 1, 0, 1, 0, 1, 0, 0),
(389, "Halluciné", 0, 0, 0, 0, 0, 0, 0, 0, 0, 0, 0),
(390, "Premier Grokillage", 0, 0, 0, 0, 0, 0, 0, 0, 0, 0, 0),
(391, "Second Grokillage", 0, 0, 0, 0, 0, 0, 0, 0, 0, 0, 0),
(392, "Troisième Grokillage", 0, 0, 0, 0, 0, 0, 0, 0, 0, 0, 0),
(393, "Quatrième Grokillage", 0, 0, 0, 0, 0, 0, 0, 0, 0, 0, 0),
(394, "Cinquième Grokillage", 0, 0, 0, 0, 0, 0, 0, 0, 0, 0, 0),
(395, "Sixième Grokillage", 0, 0, 0, 0, 0, 0, 0, 0, 0, 0, 0),
(396, "Septième Grokillage", 0, 0, 0, 0, 0, 0, 0, 0, 0, 0, 0),
(397, "Huitième Grokillage", 0, 0, 0, 0, 0, 0, 0, 0, 0, 0, 0),
(398, "Marché Conclus", 0, 0, 0, 0, 0, 0, 0, 0, 0, 0, 0),
(399, "Invulnérable", 0, 0, 0, 0, 0, 0, 0, 0, 1, 0, 0),
(400, "Folie 1", 0, 0, 0, 0, 0, 0, 0, 0, 0, 0, 0),
(401, "Folie 2", 0, 0, 0, 0, 0, 0, 0, 0, 0, 0, 0),
(402, "Folie 3", 0, 0, 0, 0, 0, 0, 0, 0, 0, 0, 0),
(403, "Folie 4", 0, 0, 0, 0, 0, 0, 0, 0, 0, 0, 0),
(404, "Folie 5", 0, 0, 0, 0, 0, 0, 0, 0, 0, 0, 0),
(405, "Folie 6", 0, 0, 0, 0, 0, 0, 0, 0, 0, 0, 0),
(406, "Folie 7", 0, 0, 0, 0, 0, 0, 0, 0, 0, 0, 0),
(407, "Folie 8", 0, 0, 0, 0, 0, 0, 0, 0, 0, 0, 0),
(408, "Folie 9", 0, 0, 0, 0, 0, 0, 0, 0, 0, 0, 0),
(409, "Lié", 0, 0, 0, 0, 0, 0, 0, 0, 0, 0, 0),
(410, "Conducteur", 0, 0, 0, 0, 0, 0, 0, 0, 0, 0, 0),
(411, "Mutation I", 0, 0, 0, 0, 0, 0, 0, 0, 0, 0, 0),
(412, "Mutation II", 0, 0, 0, 0, 0, 0, 0, 0, 0, 0, 0),
(413, "Mutation III", 0, 0, 0, 0, 0, 0, 0, 0, 0, 0, 0),
(414, "Apprivoisable", 0, 0, 0, 0, 0, 0, 0, 0, 0, 0, 0),
(415, "Muldo Pourpre", 0, 0, 1, 0, 0, 0, 0, 0, 0, 0, 0),
(416, "Ansôhterie", 0, 0, 0, 0, 1, 0, 1, 0, 0, 0, 0),
(417, "Takomako", 0, 0, 1, 0, 0, 0, 0, 0, 0, 0, 0),
(418, "Céphalogre", 0, 0, 1, 0, 0, 0, 0, 0, 0, 0, 0),
(419, "Mal d'Invocation", 0, 0, 1, 0, 0, 0, 0, 0, 0, 0, 0),
(422, "Draché", 0, 0, 0, 0, 0, 0, 0, 0, 0, 0, 0),
(424, "Terpané", 0, 0, 0, 0, 0, 0, 0, 0, 0, 0, 0),
(425, "Dofus Abyssal", 0, 0, 1, 0, 0, 0, 0, 0, 0, 0, 0),
(426, "Panne", 0, 0, 0, 0, 0, 0, 0, 0, 0, 0, 0),
(430, "Outils", 0, 0, 0, 0, 0, 0, 0, 0, 0, 0, 0),
(432, "Transformation Tofu", 0, 0, 1, 0, 0, 0, 0, 0, 0, 0, 0),
(433, "Transformation Bouftou", 0, 0, 1, 0, 0, 0, 0, 0, 0, 0, 0),
(434, "Transformation Dragonnet", 0, 0, 1, 0, 0, 0, 0, 0, 0, 0, 0),
(435, "Tranche Air", 0, 0, 1, 0, 0, 0, 0, 0, 0, 0, 0),
(436, "Souffle du dragon", 0, 0, 0, 0, 0, 0, 0, 0, 0, 0, 0),
(437, "Rancune", 0, 0, 0, 0, 0, 0, 0, 0, 0, 0, 0),
(438, "Liberté", 0, 0, 0, 0, 1, 0, 0, 0, 0, 0, 0),
(439, "Symbiose", 0, 0, 1, 0, 0, 0, 0, 0, 0, 0, 0),
(440, "Ciblé", 0, 0, 1, 0, 0, 0, 0, 0, 0, 0, 0),
(441, "Tactique A", 0, 0, 0, 0, 0, 0, 0, 0, 0, 0, 0),
(442, "Tactique B", 0, 0, 0, 0, 0, 0, 0, 0, 0, 0, 0),
(443, "Tactique C", 0, 0, 0, 0, 0, 0, 0, 0, 0, 0, 0),
(444, "Tactique D", 0, 0, 0, 0, 0, 0, 0, 0, 0, 0, 0),
(445, "Fixé", 0, 0, 0, 0, 0, 0, 0, 0, 0, 0, 0),
(447, "Lien animal", 0, 0, 1, 0, 0, 0, 0, 0, 0, 0, 0),
(448, "Sursis", 0, 0, 0, 0, 0, 0, 0, 0, 0, 0, 0),
(449, "Vulnérable", 0, 0, 0, 0, 0, 0, 0, 0, 0, 0, 0),
(450, "Cacterrorisé", 0, 0, 0, 0, 0, 0, 0, 0, 0, 0, 0),
(451, "Tofu invoqué", 0, 0, 1, 0, 0, 0, 0, 0, 0, 0, 0),
(452, "Bouftou invoqué", 0, 0, 1, 0, 0, 0, 0, 0, 0, 0, 0),
(453, "Dragonnet invoqué", 0, 0, 1, 0, 0, 0, 0, 0, 0, 0, 0),
(454, "Eteint", 0, 0, 1, 1, 0, 0, 1, 0, 0, 0, 0),
(455, "Tour 1", 0, 0, 1, 0, 0, 0, 0, 0, 0, 0, 0),
(456, "Tour 2", 0, 0, 1, 0, 0, 0, 0, 0, 0, 0, 0),
(457, "Tour 3", 0, 0, 1, 0, 0, 0, 0, 0, 0, 0, 0),
(458, "Tour 4", 0, 0, 1, 0, 0, 0, 0, 0, 0, 0, 0),
(459, "Tour 5", 0, 0, 1, 0, 0, 0, 0, 0, 0, 0, 0),
(460, "Tour 6", 0, 0, 1, 0, 0, 0, 0, 0, 0, 0, 0),
(461, "Tour 7", 0, 0, 1, 0, 0, 0, 0, 0, 0, 0, 0),
(462, "Tour 8", 0, 0, 1, 0, 0, 0, 0, 0, 0, 0, 0),
(463, "Cellule 1", 0, 0, 0, 0, 0, 0, 0, 0, 0, 0, 0),
(464, "Cellule 1", 0, 0, 0, 0, 0, 0, 0, 0, 0, 0, 0),
(465, "Cellule 1", 0, 0, 0, 0, 0, 0, 0, 0, 0, 0, 0),
(466, "Cellule 1", 0, 0, 0, 0, 0, 0, 0, 0, 0, 0, 0),
(467, "Cellule 2", 0, 0, 0, 0, 0, 0, 0, 0, 0, 0, 0),
(468, "Cellule 2", 0, 0, 0, 0, 0, 0, 0, 0, 0, 0, 0),
(469, "Cellule 2", 0, 0, 0, 0, 0, 0, 0, 0, 0, 0, 0),
(470, "Cellule 2", 0, 0, 0, 0, 0, 0, 0, 0, 0, 0, 0),
(471, "Cellule 3", 0, 0, 0, 0, 0, 0, 0, 0, 0, 0, 0),
(472, "Cellule 3", 0, 0, 0, 0, 0, 0, 0, 0, 0, 0, 0),
(473, "Cellule 3", 0, 0, 0, 0, 0, 0, 0, 0, 0, 0, 0),
(474, "Cellule 3", 0, 0, 0, 0, 0, 0, 0, 0, 0, 0, 0),
(475, "Cellule 4", 0, 0, 0, 0, 0, 0, 0, 0, 0, 0, 0),
(476, "Cellule 4", 0, 0, 0, 0, 0, 0, 0, 0, 0, 0, 0),
(477, "Cellule 4", 0, 0, 0, 0, 0, 0, 0, 0, 0, 0, 0),
(478, "Cellule 4", 0, 0, 0, 0, 0, 0, 0, 0, 0, 0, 0),
(479, "Feu", 0, 0, 0, 0, 0, 0, 0, 0, 0, 0, 0),
(480, "Eau", 0, 0, 0, 0, 0, 0, 0, 0, 0, 0, 0),
(481, "Air", 0, 0, 0, 0, 0, 0, 0, 0, 0, 0, 0),
(482, "Terre", 0, 0, 0, 0, 0, 0, 0, 0, 0, 0, 0),
(483, "Scarabouse", 0, 0, 1, 0, 0, 0, 0, 0, 0, 0, 0),
(484, "Pétanque", 0, 0, 1, 0, 0, 0, 0, 0, 0, 0, 0),
(485, "Bouse", 0, 0, 1, 0, 0, 0, 0, 0, 0, 0, 0),
(486, "Bousier", 0, 0, 1, 0, 0, 0, 0, 0, 0, 0, 0),
(488, "Véloce", 0, 0, 0, 0, 0, 0, 0, 0, 0, 0, 0),
(489, "Sanguinaire", 0, 0, 0, 0, 0, 0, 0, 0, 0, 0, 0),
(490, "Robuste", 0, 0, 0, 0, 0, 0, 0, 0, 0, 0, 0),
(492, "Chakanoubis", 0, 0, 0, 0, 0, 0, 0, 0, 0, 0, 0),
(493, "Sceau I", 0, 0, 0, 0, 0, 0, 0, 0, 0, 0, 0),
(494, "Sceau II", 0, 0, 0, 0, 0, 0, 0, 0, 0, 0, 0),
(495, "Sceau III", 0, 0, 1, 0, 0, 0, 0, 0, 0, 0, 0),
(496, "Rebond", 0, 0, 1, 0, 0, 0, 0, 0, 0, 0, 0),
(498, "Saoul", 0, 0, 0, 0, 0, 0, 0, 0, 0, 0, 0),
(499, "Triple oeil", 0, 0, 0, 0, 0, 0, 0, 0, 0, 0, 0),
(500, "Double oeil", 0, 0, 0, 0, 0, 0, 0, 0, 0, 0, 0),
(501, "Cyclope", 0, 0, 0, 0, 0, 0, 0, 0, 0, 0, 0),
(502, "Déjection salissante", 0, 0, 0, 0, 0, 0, 0, 0, 0, 0, 0),
(506, "Maudification", 0, 0, 0, 0, 0, 0, 0, 0, 0, 0, 0),
(507, "Déjection sanguine", 0, 0, 0, 0, 0, 0, 0, 0, 0, 0, 0),
(508, "Déjection acide", 0, 0, 0, 0, 0, 0, 0, 0, 0, 0, 0),
(509, "Masticroc", 0, 0, 1, 0, 0, 0, 0, 0, 0, 0, 0),
(510, "Epée volante", 0, 0, 1, 0, 0, 0, 0, 0, 0, 0, 0),
(511, "Tourbillon", 0, 0, 0, 0, 0, 0, 0, 0, 0, 0, 0),
(512, "Châtiments", 0, 0, 1, 0, 0, 0, 0, 0, 0, 0, 0),
(513, "Rage", 0, 0, 0, 0, 0, 0, 0, 0, 0, 0, 0),
(514, "Raage", 0, 0, 0, 0, 0, 0, 0, 0, 0, 0, 0),
(515, "Rage Ouginak", 0, 0, 1, 0, 0, 0, 0, 0, 0, 0, 0),
(516, "Proie", 0, 0, 0, 0, 0, 0, 0, 0, 0, 0, 0),
(517, "Forme bestiale", 0, 0, 1, 0, 0, 0, 0, 0, 0, 0, 0),
(519, "Dofus Ocre", 0, 0, 1, 0, 0, 0, 0, 0, 0, 0, 0),
(520, "Panique", 0, 0, 1, 0, 0, 0, 0, 0, 0, 0, 0),
(521, "Fatigué", 0, 0, 1, 0, 0, 0, 0, 0, 0, 0, 0),
(522, "Piégé", 0, 0, 0, 0, 0, 0, 0, 0, 0, 0, 0),
(523, "Comte Aérien", 0, 0, 0, 0, 0, 0, 0, 0, 0, 0, 0),
(524, "Comte Aqueux", 0, 0, 0, 0, 0, 0, 0, 0, 0, 0, 0),
(525, "Comte Flamboyant", 0, 0, 0, 0, 0, 0, 0, 0, 0, 0, 0),
(526, "Comte Tellurique", 0, 0, 0, 0, 0, 0, 0, 0, 0, 0, 0),
(527, "Comte Neutre", 0, 0, 0, 0, 0, 0, 0, 0, 0, 0, 0),
(528, "Minikrone 1", 0, 0, 1, 0, 0, 0, 0, 0, 0, 0, 0),
(531, "Proie Féline", 0, 0, 0, 0, 0, 0, 0, 0, 0, 0, 0),
(532, "Piégé comme un Mulou", 0, 0, 0, 0, 0, 0, 0, 0, 0, 0, 0),
(533, "Goules 1", 0, 0, 1, 0, 0, 0, 0, 0, 0, 0, 0),
(534, "Goule Anerice", 0, 0, 1, 0, 0, 0, 0, 0, 0, 0, 0),
(535, "Tibia", 0, 0, 1, 0, 0, 0, 0, 0, 0, 0, 0),
(536, "Ombre et Lumière", 0, 0, 1, 0, 0, 0, 0, 0, 0, 0, 0),
(537, "Lumière", 0, 0, 1, 0, 0, 0, 0, 0, 0, 0, 0),
(538, "Bénédiction d'Ougah", 0, 0, 0, 0, 0, 0, 0, 0, 0, 0, 0),
(539, "Crystalisation", 0, 0, 1, 0, 0, 0, 0, 0, 0, 0, 0),
(540, "Terrifié", 0, 0, 0, 0, 0, 0, 0, 0, 0, 0, 0),
(542, "Pipisteuse", 0, 0, 1, 0, 0, 0, 0, 0, 0, 0, 0),
(543, "Bénédiction de Surru", 0, 0, 0, 0, 0, 0, 0, 0, 0, 0, 0),
(544, "Bwork Air", 0, 0, 0, 0, 0, 0, 0, 0, 0, 0, 0),
(545, "Bwork Eau", 0, 0, 0, 0, 0, 0, 0, 0, 0, 0, 0),
(546, "Bwork Feu", 0, 0, 0, 0, 0, 0, 0, 0, 0, 0, 0),
(547, "Bwork Terre", 0, 0, 0, 0, 0, 0, 0, 0, 0, 0, 0),
(548, "Haut", 0, 0, 1, 0, 0, 0, 0, 0, 0, 0, 0),
(549, "Droite", 0, 0, 1, 0, 0, 0, 0, 0, 0, 0, 0),
(550, "Bas", 0, 0, 1, 0, 0, 0, 0, 0, 0, 0, 0),
(551, "Gauche", 0, 0, 1, 0, 0, 0, 0, 0, 0, 0, 0),
(552, "Imbibé de Sang", 0, 0, 0, 0, 0, 0, 0, 0, 0, 0, 0),
(553, "Gorgé de Sang", 0, 0, 0, 0, 0, 0, 0, 0, 0, 0, 0),
(554, "Hanté", 0, 0, 0, 0, 0, 0, 0, 0, 0, 0, 0),
(555, "Défense des Rois", 0, 0, 0, 1, 0, 0, 0, 0, 1, 0, 0),
(556, "Brûlure", 0, 0, 1, 0, 0, 0, 0, 0, 0, 0, 0),
(557, "Flâmi", 0, 0, 0, 0, 0, 0, 0, 0, 0, 0, 0),
(558, "Flâmi", 0, 0, 1, 0, 0, 0, 0, 0, 0, 0, 0),
(559, "Frustration", 0, 0, 1, 0, 0, 0, 0, 0, 0, 0, 0),
(560, "Dofus Ivoire", 0, 0, 1, 0, 0, 0, 0, 0, 0, 0, 0),
(561, "Zénith", 0, 0, 0, 0, 0, 0, 0, 0, 0, 0, 0),
(562, "Rouge Rainikrone", 0, 0, 1, 0, 0, 0, 0, 0, 0, 0, 0),
(563, "Éclipse", 0, 0, 0, 0, 0, 0, 0, 0, 0, 0, 0),
(564, "Un", 0, 0, 1, 0, 0, 0, 0, 0, 0, 0, 0),
(565, "Deux", 0, 0, 1, 0, 0, 0, 0, 0, 0, 0, 0),
(566, "Trois", 0, 0, 1, 0, 0, 0, 0, 0, 0, 0, 0),
(567, "Indéplaçable et invulnérable", 0, 0, 1, 1, 0, 0, 0, 0, 1, 0, 0),
(568, "Fosse", 0, 0, 0, 0, 0, 0, 1, 0, 0, 0, 0),
(569, "Désamorçage", 0, 0, 0, 0, 0, 0, 0, 0, 0, 0, 0),
(570, "Flèche de Tourment état", 0, 0, 1, 0, 0, 0, 0, 0, 0, 0, 0),
(571, "Nécronyx", 0, 0, 0, 0, 0, 0, 0, 0, 0, 0, 0),
(572, "Nécronyx résiduel", 0, 0, 1, 0, 0, 0, 0, 0, 0, 0, 0),
(573, "Flèche Dévorante 1", 0, 0, 0, 0, 0, 0, 0, 0, 0, 0, 0),
(574, "Flèche Dévorante 2", 0, 0, 0, 0, 0, 0, 0, 0, 0, 0, 0),
(575, "Aurore", 0, 0, 0, 0, 0, 0, 0, 1, 1, 0, 0),
(576, "Zénith", 0, 0, 0, 1, 1, 0, 0, 1, 1, 0, 0),
(577, "Crépuscule", 0, 0, 0, 0, 0, 0, 0, 0, 1, 0, 0),
(578, "Nadir", 0, 0, 0, 0, 0, 0, 0, 0, 0, 0, 0),
(579, "Tromperie Terre", 0, 0, 1, 0, 0, 0, 0, 0, 0, 0, 0),
(580, "Tromperie Feu", 0, 0, 1, 0, 0, 0, 0, 0, 0, 0, 0),
(581, "Tromperie Air", 0, 0, 1, 0, 0, 0, 0, 0, 0, 0, 0),
(582, "Tromperie Eau", 0, 0, 1, 0, 0, 0, 0, 0, 0, 0, 0),
(583, "Sacrifice", 0, 0, 1, 0, 0, 0, 0, 0, 0, 0, 0),
(584, "Mot solidaire", 0, 0, 1, 0, 0, 0, 0, 0, 0, 0, 0),
(585, "Barrière Féca pas encore déclenchée", 0, 0, 1, 0, 0, 0, 0, 0, 0, 0, 0),
(586, "Barrière Féca déja déclenchée", 0, 0, 0, 0, 0, 0, 0, 0, 0, 0, 0),
(588, "Stimulé commun", 0, 0, 1, 0, 0, 0, 0, 0, 0, 0, 0),
(589, "Coup pour Coup", 0, 0, 1, 0, 0, 0, 0, 0, 0, 0, 0),
(590, "Condamnation 1", 0, 0, 0, 0, 0, 0, 0, 0, 0, 0, 0),
(591, "Condamnation 2", 0, 0, 0, 0, 0, 0, 0, 0, 0, 0, 0),
(592, "Croc Répulsif", 0, 0, 1, 0, 0, 0, 0, 0, 0, 0, 0),
(594, "Relais", 0, 0, 1, 0, 0, 0, 0, 0, 0, 0, 0),
(595, "Favoritisme", 0, 0, 0, 0, 0, 0, 0, 0, 0, 0, 0),
(596, "Invocation CD 1 tour", 0, 0, 0, 0, 0, 0, 0, 0, 0, 0, 0),
(599, "Transformation Crapaud", 0, 0, 0, 0, 0, 0, 0, 0, 0, 0, 0),
(600, "Manifestation", 0, 0, 1, 0, 0, 0, 0, 0, 0, 0, 0),
(601, "Surcharge Runique", 0, 0, 1, 0, 0, 0, 0, 0, 0, 0, 0),
(602, "Poussée Runique", 0, 0, 1, 0, 0, 0, 0, 0, 0, 0, 0),
(603, "Coeur de Dragon", 0, 0, 0, 0, 0, 0, 0, 0, 0, 0, 0),
(606, "Brancard", 0, 0, 1, 0, 0, 0, 0, 0, 0, 0, 0),
(609, "Fureur Iop", 0, 0, 1, 0, 0, 0, 0, 0, 0, 0, 0),
(610, "Etat temporaire", 0, 0, 1, 0, 0, 0, 0, 0, 0, 0, 0),
(611, "Double", 0, 0, 1, 0, 0, 0, 0, 0, 0, 0, 0),
(612, "Toxines", 0, 0, 1, 0, 0, 0, 0, 0, 0, 0, 0),
(614, "Faille Temporelle", 0, 0, 1, 0, 0, 0, 0, 0, 0, 0, 0),
(615, "Récursivité", 0, 0, 1, 0, 0, 0, 0, 0, 0, 0, 0),
(616, "Souffrance 1", 0, 0, 1, 0, 0, 0, 0, 0, 0, 0, 0),
(617, "Souffrance 2", 0, 0, 1, 0, 0, 0, 0, 0, 0, 0, 0),
(618, "Souffrance 3", 0, 0, 1, 0, 0, 0, 0, 0, 0, 0, 0),
(619, "Souffrance 4", 0, 0, 1, 0, 0, 0, 0, 0, 0, 0, 0),
(620, "Souffrance 5", 0, 0, 1, 0, 0, 0, 0, 0, 0, 0, 0),
(626, "Souffrance -1", 0, 0, 1, 0, 0, 0, 0, 0, 0, 0, 0),
(627, "Souffrance -2", 0, 0, 1, 0, 0, 0, 0, 0, 0, 0, 0),
(628, "Souffrance -3", 0, 0, 1, 0, 0, 0, 0, 0, 0, 0, 0),
(629, "Souffrance -4", 0, 0, 1, 0, 0, 0, 0, 0, 0, 0, 0),
(630, "Souffrance -5", 0, 0, 1, 0, 0, 0, 0, 0, 0, 0, 0),
(636, "Perfusion", 0, 0, 0, 0, 0, 0, 0, 0, 0, 0, 0),
(637, "Etat Explobombe", 0, 0, 1, 0, 0, 0, 0, 0, 0, 0, 0),
(638, "Etat Tornabombe", 0, 0, 1, 0, 0, 0, 0, 0, 0, 0, 0),
(639, "Etat Bombe à Eau", 0, 0, 1, 0, 0, 0, 0, 0, 0, 0, 0),
(640, "Etat Sismobombe", 0, 0, 1, 0, 0, 0, 0, 0, 0, 0, 0),
(641, "Explobombe Collante", 0, 0, 1, 0, 0, 0, 0, 0, 0, 0, 0),
(643, "Concentration de Chakra", 0, 0, 0, 0, 0, 0, 0, 0, 0, 0, 0),
(644, "Crapaud invoqué", 0, 0, 1, 0, 0, 0, 0, 0, 0, 0, 0),
(646, "Pacte de sang", 0, 0, 1, 0, 0, 0, 0, 0, 0, 0, 0),
(647, "Fulmination Feu", 0, 0, 1, 0, 0, 0, 0, 0, 0, 0, 0),
(648, "Fulmination Eau", 0, 0, 1, 0, 0, 0, 0, 0, 0, 0, 0),
(649, "Fulmination Terre", 0, 0, 1, 0, 0, 0, 0, 0, 0, 0, 0),
(650, "Fulmination Air", 0, 0, 1, 0, 0, 0, 0, 0, 0, 0, 0),
(651, "Telefrag Souvenir", 0, 0, 1, 0, 0, 0, 0, 0, 0, 0, 0),
(652, "Telefrag Distorsion Temporelle", 0, 0, 1, 0, 0, 0, 0, 0, 0, 0, 0),
(653, "Telefrag Pendule", 0, 0, 1, 0, 0, 0, 0, 0, 0, 0, 0),
(654, "Telefrag Désynchronisation", 0, 0, 1, 0, 0, 0, 0, 0, 0, 0, 0),
(655, "Telefrag Paradoxe Temporel", 0, 0, 1, 0, 0, 0, 0, 0, 0, 0, 0),
(656, "Flèche Percutante", 0, 0, 1, 0, 0, 0, 0, 0, 0, 0, 0),
(657, "Sentence", 0, 0, 1, 0, 0, 0, 0, 0, 0, 0, 0),
(659, "Invulnérable", 0, 0, 0, 0, 0, 0, 0, 0, 1, 0, 0),
(661, "Porté Bambou", 0, 0, 1, 0, 0, 0, 0, 0, 0, 0, 0),
(662, "Flèche Dévorante 3", 0, 0, 0, 0, 0, 0, 0, 0, 0, 0, 0),
(663, "Talion", 0, 0, 0, 0, 0, 0, 0, 0, 0, 0, 0),
(664, "Dagon", 0, 0, 1, 0, 0, 0, 0, 0, 0, 0, 0),
(665, "Explobombe Collante", 0, 0, 1, 0, 0, 0, 0, 0, 0, 0, 0),
(667, "Epidémie", 0, 0, 1, 0, 0, 0, 0, 0, 0, 0, 0),
(668, "Convalescence", 0, 0, 1, 0, 0, 0, 0, 0, 0, 0, 0),
(669, "Trèfle", 0, 0, 1, 0, 0, 0, 0, 0, 0, 0, 0),
(670, "Embuscade", 0, 0, 1, 0, 0, 0, 0, 0, 0, 0, 0),
(671, "Forage allié", 0, 0, 1, 0, 0, 0, 0, 0, 0, 0, 0),
(672, "Forage ennemi", 0, 0, 1, 0, 0, 0, 0, 0, 0, 0, 0),
(673, "Harmonie", 0, 0, 1, 0, 0, 0, 0, 0, 0, 0, 0),
(674, "Mot Marquant", 0, 0, 1, 0, 0, 0, 0, 0, 0, 0, 0),
(675, "Etoupille", 0, 0, 1, 0, 0, 0, 0, 0, 0, 0, 0),
(676, "Riposte", 0, 0, 1, 0, 0, 0, 0, 0, 0, 0, 0),
(677, "Glas", 0, 0, 1, 0, 0, 0, 0, 0, 0, 0, 0),
(678, "Téléportail impossible", 0, 0, 1, 0, 0, 0, 0, 0, 0, 0, 0),
(680, "Tofu albinos", 0, 0, 1, 0, 0, 0, 0, 0, 0, 0, 0),
(681, "Niveau 1", 0, 0, 1, 0, 0, 0, 0, 0, 0, 0, 0),
(682, "Niveau 2", 0, 0, 1, 0, 0, 0, 0, 0, 0, 0, 0),
(683, "Niveau 3", 0, 0, 1, 0, 0, 0, 0, 0, 0, 0, 0),
(684, "Niveau 4", 0, 0, 1, 0, 0, 0, 0, 0, 0, 0, 0),
(685, "Niveau 5", 0, 0, 1, 0, 0, 0, 0, 0, 0, 0, 0),
(686, "Niveau 6", 0, 0, 1, 0, 0, 0, 0, 0, 0, 0, 0),
(687, "Niveau 7", 0, 0, 1, 0, 0, 0, 0, 0, 0, 0, 0),
(688, "Niveau 8", 0, 0, 1, 0, 0, 0, 0, 0, 0, 0, 0),
(689, "Niveau 9", 0, 0, 1, 0, 0, 0, 0, 0, 0, 0, 0),
(690, "Niveau 10", 0, 0, 1, 0, 0, 0, 0, 0, 0, 0, 0),
(691, "Capture interdite", 0, 0, 1, 0, 0, 0, 0, 0, 0, 0, 0),
(692, "Poussé goutte", 0, 0, 1, 0, 0, 0, 0, 0, 0, 0, 0),
(693, "Nimbos 1", 0, 0, 1, 0, 0, 0, 0, 0, 0, 0, 0),
(694, "Nimbos 2", 0, 0, 1, 0, 0, 0, 0, 0, 0, 0, 0),
(695, "Nimbos 3", 0, 0, 1, 0, 0, 0, 0, 0, 0, 0, 0),
(696, "NIMBOS - Ennemis touché", 0, 0, 1, 0, 0, 0, 0, 0, 0, 0, 0),
(697, "Capture OK", 0, 0, 1, 0, 0, 0, 0, 0, 0, 0, 0),
(698, "Glyphe scaratruc feu", 0, 0, 1, 0, 0, 0, 0, 0, 0, 0, 0),
(699, "Danger Scaratruc Feu", 0, 0, 1, 0, 0, 0, 0, 0, 0, 0, 0),
(700, "Pile ou Face", 0, 0, 1, 0, 0, 0, 0, 0, 0, 0, 0),
(701, "Dernière rune : Feu", 0, 0, 1, 0, 0, 0, 0, 0, 0, 0, 0),
(702, "Dernière rune : Eau", 0, 0, 1, 0, 0, 0, 0, 0, 0, 0, 0),
(703, "Dernière rune : Terre", 0, 0, 1, 0, 0, 0, 0, 0, 0, 0, 0),
(704, "Dernière rune : Air", 0, 0, 1, 0, 0, 0, 0, 0, 0, 0, 0),
(705, "Double", 0, 0, 1, 0, 0, 0, 0, 0, 0, 0, 0),
(706, "Lapino", 0, 0, 1, 0, 0, 0, 0, 0, 0, 0, 0),
(707, "Glas", 0, 0, 0, 0, 0, 0, 0, 0, 0, 0, 0),
(711, "Infecté 1", 0, 0, 1, 0, 0, 0, 0, 0, 0, 0, 0),
(712, "Infecté 2", 0, 0, 1, 0, 0, 0, 0, 0, 0, 0, 0),
(713, "Infecté 3", 0, 0, 1, 0, 0, 0, 0, 0, 0, 0, 0),
(714, "Poing Gris I", 0, 0, 0, 0, 0, 0, 0, 0, 0, 0, 0),
(715, "Poing Gris II", 0, 0, 0, 0, 0, 0, 0, 0, 0, 0, 0),
(717, "Barrière", 0, 0, 1, 0, 0, 0, 0, 0, 0, 0, 0),
(718, "Malice", 0, 0, 1, 0, 0, 0, 0, 0, 0, 0, 0),
(720, "Inspiration Mortelle", 0, 0, 0, 0, 0, 0, 0, 0, 0, 0, 0),
(726, "Bourbier", 0, 0, 0, 0, 0, 0, 0, 0, 0, 0, 0),
(727, "Porteur de Crocobur", 0, 0, 0, 0, 0, 0, 0, 0, 0, 0, 0),
(728, "Force de Crocoburio", 0, 0, 0, 0, 0, 0, 0, 0, 0, 0, 0),
(729, "Puissance de Crocoburio", 0, 0, 0, 0, 0, 0, 0, 0, 0, 0, 0),
(730, "Esprit de Crocoburio", 0, 0, 0, 0, 0, 0, 0, 0, 0, 0, 0),
(731, "Élément air", 0, 0, 0, 0, 0, 0, 0, 0, 0, 0, 0),
(732, "Élément Eau", 0, 0, 0, 0, 0, 0, 0, 0, 0, 0, 0),
(733, "Élément Feu", 0, 0, 0, 0, 0, 0, 0, 0, 0, 0, 0),
(734, "Élément Terre", 0, 0, 0, 0, 0, 0, 0, 0, 0, 0, 0),
(735, "Déroulage", 0, 0, 0, 0, 0, 0, 0, 0, 0, 0, 0),
(736, "Tissage", 0, 0, 0, 0, 0, 0, 0, 0, 0, 0, 0),
(737, "Coupage", 0, 0, 0, 0, 0, 0, 0, 0, 0, 0, 0),
(738, "Fil du Destin", 0, 0, 0, 0, 0, 0, 0, 0, 0, 0, 0),
(739, "Colère de Clothurde", 0, 0, 0, 0, 0, 0, 0, 0, 0, 0, 0),
(740, "Colère de Lachandi", 0, 0, 0, 0, 0, 0, 0, 0, 0, 0, 0),
(741, "Colère d'Atroskulda", 0, 0, 0, 0, 0, 0, 0, 0, 0, 0, 0),
(742, "Colère du Destin", 0, 0, 0, 0, 0, 0, 0, 0, 0, 0, 0),
(743, "Matraquage Porcin Léger", 0, 0, 0, 0, 0, 0, 0, 0, 0, 0, 0),
(744, "Matraquage Porcin Lourd", 0, 0, 0, 0, 0, 0, 0, 0, 0, 0, 0),
(747, "Poussée Paradoxale", 0, 0, 0, 0, 0, 0, 0, 0, 0, 0, 0),
(749, "Premier Cauchemar du Capitaine Ékarlatte", 0, 0, 0, 0, 0, 0, 0, 0, 0, 0, 0),
(750, "Second Cauchemar du Capitaine Ékarlatte", 0, 0, 0, 0, 0, 0, 0, 0, 0, 0, 0),
(751, "Troisième Cauchemar du Capitaine Ékarlatte", 0, 0, 0, 0, 0, 0, 0, 0, 0, 0, 0),
(754, "Cauchemar de la Haute Truche", 0, 0, 0, 0, 0, 0, 0, 0, 0, 0, 0),
(755, "Dissident", 0, 0, 0, 0, 0, 0, 0, 0, 0, 0, 0),
(756, "Cauchemar de la Haute Truche", 0, 0, 0, 0, 0, 0, 0, 0, 0, 0, 0),
(759, "Paradoxe du Minotot", 0, 0, 0, 0, 0, 0, 0, 0, 0, 0, 0),
(760, "Tour Pair", 0, 0, 0, 0, 0, 0, 0, 0, 0, 0, 0),
(761, "Tour Impair", 0, 0, 0, 0, 0, 0, 0, 0, 0, 0, 0),
(762, "Pernicieux", 0, 0, 0, 0, 0, 0, 0, 0, 0, 0, 0),
(765, "Rêve de Fuji Givrefoux", 0, 0, 0, 0, 0, 0, 0, 0, 0, 0, 0),
(766, "Paradoxe du Glourséleste", 0, 0, 0, 0, 0, 0, 0, 0, 0, 0, 0),
(767, "Rêve du Kolosso", 0, 0, 0, 0, 0, 0, 0, 0, 0, 0, 0),
(768, "Paradoxe de Dazak Martegel", 0, 0, 0, 0, 0, 0, 0, 0, 0, 0, 0),
(769, "Paradoxe de Solar A", 0, 0, 0, 0, 0, 0, 0, 0, 0, 0, 0),
(770, "Paradoxe de Solar B", 0, 0, 0, 0, 0, 0, 0, 0, 0, 0, 0),
(771, "Paradoxe de Solar C", 0, 0, 0, 0, 0, 0, 0, 0, 0, 0, 0),
(772, "Rêve de la Larve de Koutoulou", 0, 0, 0, 0, 0, 0, 0, 0, 0, 0, 0),
(773, "Paradoxe de la Larve de Koutoulou", 0, 0, 0, 0, 0, 0, 0, 0, 0, 0, 0),
(774, "Rêve de Bethel Akarna", 0, 0, 0, 0, 0, 0, 0, 0, 0, 0, 0),
(775, "Cauchemar du Chalœil", 0, 0, 0, 0, 0, 0, 0, 0, 0, 0, 0),
(776, "Rêve de la Reine des Voleurs", 0, 0, 0, 0, 0, 0, 0, 0, 0, 0, 0),
(777, "Paradoxe du Comte Harebourg", 0, 0, 0, 0, 0, 0, 0, 0, 0, 0, 0),
(778, "Paradoxe de Missiz Frizz", 0, 0, 0, 0, 0, 0, 0, 0, 0, 0, 0),
(779, "Paradoxe du Papa Nowel", 0, 0, 0, 0, 0, 0, 0, 0, 0, 0, 0),
(782, "Cauchemar du Papa Nowel 3", 0, 0, 0, 0, 0, 0, 0, 0, 0, 0, 0),
(784, "Paradoxe du Père Fwetar", 0, 0, 0, 0, 0, 0, 0, 0, 0, 0, 0),
(785, "Paradoxe du Bulbig Brozeur", 0, 0, 0, 0, 0, 0, 0, 0, 0, 0, 0),
(786, "Rêve du Dragon Cochon", 0, 0, 0, 0, 0, 0, 0, 0, 0, 0, 0),
(788, "Cauchemar des Gelées Royales", 0, 0, 0, 0, 0, 0, 0, 0, 0, 0, 0),
(790, "Cauchemar du Koulosse I", 0, 0, 0, 0, 0, 0, 0, 0, 0, 0, 0),
(791, "Cauchemar du Koulosse II", 0, 0, 0, 0, 0, 0, 0, 0, 0, 0, 0),
(792, "Colérique", 0, 0, 0, 0, 0, 0, 0, 0, 0, 0, 0),
(793, "Acâriatre", 0, 0, 0, 0, 0, 0, 0, 0, 0, 0, 0),
(794, "Grincheux", 0, 0, 0, 0, 0, 0, 0, 0, 0, 0, 0),
(795, "Boudeur", 0, 0, 0, 0, 0, 0, 0, 0, 0, 0, 0),
(796, "Cauchemar du Chêne Mou", 0, 0, 0, 0, 0, 0, 0, 0, 0, 0, 0),
(797, "Paradoxe de Xa", 0, 0, 0, 0, 0, 0, 0, 0, 0, 0, 0),
(798, "Cauchemar des Tynrils", 0, 0, 0, 0, 0, 0, 0, 0, 0, 0, 0),
(800, "Destin Inexorable", 0, 0, 0, 0, 0, 0, 0, 0, 0, 0, 0),
(801, "Paradoxe de Solar D", 0, 0, 0, 0, 0, 0, 0, 0, 0, 0, 0),
(803, "Rêve du Kimbo", 0, 0, 0, 0, 0, 0, 0, 0, 0, 0, 0),
(804, "Cauchemar de Ben le Ripate", 0, 0, 0, 0, 0, 0, 0, 0, 0, 0, 0),
(805, "Eochim", 0, 0, 0, 0, 0, 0, 0, 0, 0, 0, 1),
(806, "Aquachim", 0, 0, 0, 0, 0, 0, 0, 0, 0, 0, 0),
(807, "Pyrochim", 0, 0, 0, 0, 0, 0, 0, 0, 0, 1, 0),
(808, "Geochim", 0, 0, 0, 1, 1, 0, 1, 0, 0, 0, 0),
(809, "Air Chimérique", 0, 0, 0, 0, 0, 0, 0, 0, 0, 0, 0),
(810, "Eau Chimérique", 0, 0, 0, 0, 0, 0, 0, 0, 0, 0, 0),
(811, "Feu Chimérique", 0, 0, 0, 0, 0, 0, 0, 0, 0, 0, 0),
(812, "Terre Chimérique", 0, 0, 0, 0, 0, 0, 0, 0, 0, 0, 0),
(814, "Cauchemar du Chouque", 0, 0, 0, 0, 0, 0, 0, 0, 0, 0, 0),
(816, "Paradoxe du Capitaine Ékarlatte", 0, 0, 0, 0, 0, 0, 0, 0, 0, 0, 0),
(818, "Cauchemar de XLII", 0, 0, 0, 0, 0, 0, 0, 0, 0, 0, 0),
(819, "Cauchemar de Grolloum", 0, 0, 0, 0, 0, 0, 0, 0, 0, 0, 0),
(820, "Cauchemar de Vortex", 0, 0, 0, 0, 0, 0, 0, 0, 0, 0, 0),
(821, "Agni Pariksha", 0, 0, 0, 0, 0, 0, 0, 0, 0, 0, 0),
(822, "Dofus Ébène I", 0, 0, 0, 0, 0, 0, 0, 0, 0, 0, 0),
(823, "Dofus Ébène II", 0, 0, 0, 0, 0, 0, 0, 0, 0, 0, 0),
(824, "Dofus Ébène III", 0, 0, 0, 0, 0, 0, 0, 0, 0, 0, 0),
(825, "Dofus Ébène IV", 0, 0, 0, 0, 0, 0, 0, 0, 0, 0, 0),
(826, "Dofus Ébène V", 0, 0, 0, 0, 0, 0, 0, 0, 0, 0, 0),
(827, "Rêve d'Ush Galesh", 0, 0, 0, 0, 0, 0, 0, 0, 0, 0, 0),
(828, "Froid de Novamaire (caster)", 0, 0, 0, 0, 0, 0, 0, 0, 0, 0, 0),
(829, "Destin Inévitable", 0, 0, 0, 0, 0, 0, 0, 0, 0, 0, 0),
(830, "Rêve de Merkator", 0, 0, 0, 0, 0, 0, 0, 0, 0, 0, 0),
(831, "Dofus Ébène Distance", 0, 0, 1, 0, 0, 0, 0, 0, 0, 0, 0),
(832, "Dofus Ébène Mêlée", 0, 0, 1, 0, 0, 0, 0, 0, 0, 0, 0),
(833, "Rêve de Merkator 2", 0, 0, 0, 0, 0, 0, 0, 0, 0, 0, 0),
(834, "Dofus Ébène (cible)", 0, 0, 1, 0, 0, 0, 0, 0, 0, 0, 0),
(835, "Dofus Ébène (caster)", 0, 0, 1, 0, 0, 0, 0, 0, 0, 0, 0),
(842, "Dofus Ébène (poison déchargé)", 0, 0, 1, 0, 0, 0, 0, 0, 0, 0, 0),
(844, "Cauchemar du Sapik", 0, 0, 0, 0, 0, 0, 0, 0, 0, 0, 0),
(845, "Froid de Novamaire (cible)", 0, 0, 0, 0, 0, 0, 0, 0, 0, 0, 0),
(846, "État générique Meulou 01", 0, 0, 1, 0, 0, 0, 0, 0, 0, 0, 0),
(847, "État générique Meulou 02", 0, 0, 1, 0, 0, 0, 0, 0, 0, 0, 0),
(848, "État générique Kanniboul Eth", 0, 0, 1, 0, 0, 0, 0, 0, 0, 0, 0),
(849, "État générique Dantinéa", 0, 0, 1, 0, 0, 0, 0, 0, 0, 0, 0),
(850, "État générique Poulpée", 0, 0, 1, 0, 0, 0, 0, 0, 0, 0, 0),
(851, "État générique Pikbul 01", 0, 0, 1, 0, 0, 0, 0, 0, 0, 0, 0),
(852, "État générique Pikbul 02", 0, 0, 1, 0, 0, 0, 0, 0, 0, 0, 0),
(853, "Langue de Feu", 0, 0, 1, 0, 0, 0, 0, 0, 0, 0, 0),
(854, "État générique Tal Kasha 01", 0, 0, 1, 0, 0, 0, 0, 0, 0, 0, 0),
(855, "État générique Tal Kasha 02", 0, 0, 1, 0, 0, 0, 0, 0, 0, 0, 0),
(856, "État générique Ilyzaelle 01", 0, 0, 1, 0, 0, 0, 0, 0, 0, 0, 0),
(857, "État générique Rilur", 0, 0, 1, 0, 0, 0, 0, 0, 0, 0, 0),
(858, "État générique Léolhyène 01", 0, 0, 1, 0, 0, 0, 0, 0, 0, 0, 0),
(859, "État générique Léolhyène 02", 0, 0, 1, 0, 0, 0, 0, 0, 0, 0, 0),
(860, "État générique Pikténia", 0, 0, 1, 0, 0, 0, 0, 0, 0, 0, 0),
(861, "Etat gelées Royales", 0, 0, 0, 0, 0, 0, 0, 0, 0, 0, 0),
(862, "Corailleur Magistral", 0, 0, 0, 0, 0, 0, 0, 0, 0, 0, 0),
(864, "État générique Trémorse 01", 0, 0, 1, 0, 0, 0, 0, 0, 0, 0, 0),
(865, "État générique Trémorse 02", 0, 0, 1, 0, 0, 0, 0, 0, 0, 0, 0),
(866, "État générique Cycloporth", 0, 0, 1, 0, 0, 0, 0, 0, 0, 0, 0),
(868, "Etat 0 stack", 0, 0, 1, 0, 0, 0, 0, 0, 0, 0, 0),
(869, "Etat 1-2-3-4 stack", 0, 0, 1, 0, 0, 0, 0, 0, 0, 0, 0),
(870, "Dofus Ébène compteur TB", 0, 0, 1, 0, 0, 0, 0, 0, 0, 0, 0),
(871, "État générique Zombruth", 0, 0, 1, 0, 0, 0, 0, 0, 0, 0, 0),
(872, "État générique Crânonier", 0, 0, 1, 0, 0, 0, 0, 0, 0, 0, 0),
(873, "Etat Y", 0, 0, 1, 0, 0, 0, 0, 0, 0, 0, 0),
(874, "Etat TP forcé case 1", 0, 0, 1, 0, 0, 0, 0, 0, 0, 0, 0),
(875, "Etat TP forcé case 3", 0, 0, 1, 0, 0, 0, 0, 0, 0, 0, 0),
(876, "Etat TP forcé case 5", 0, 0, 1, 0, 0, 0, 0, 0, 0, 0, 0),
(877, "Etat TP forcé case 7", 0, 0, 1, 0, 0, 0, 0, 0, 0, 0, 0),
(878, "État générique Bizarbwork", 0, 0, 1, 0, 0, 0, 0, 0, 0, 0, 0),
(879, "Où se cache t'il ?", 0, 0, 0, 0, 0, 0, 0, 0, 0, 0, 0),
(880, "Destin 1", 0, 0, 0, 0, 0, 0, 0, 0, 0, 0, 0),
(881, "Destin 2", 0, 0, 0, 0, 0, 0, 0, 0, 0, 0, 0),
(882, "Destin 3", 0, 0, 0, 0, 0, 0, 0, 0, 0, 0, 0),
(883, "Destin 4", 0, 0, 0, 0, 0, 0, 0, 0, 0, 0, 0),
(884, "État générique Bethel Akarna 01", 0, 0, 1, 0, 0, 0, 0, 0, 0, 0, 0),
(885, "État générique Bethel Akarna 02", 0, 0, 1, 0, 0, 0, 0, 0, 0, 0, 0),
(886, "Nord", 0, 0, 0, 0, 0, 0, 0, 0, 0, 0, 0),
(887, "Sud", 0, 0, 0, 0, 0, 0, 0, 0, 0, 0, 0),
(888, "Est", 0, 0, 0, 0, 0, 0, 0, 0, 0, 0, 0),
(889, "Ouest", 0, 0, 0, 0, 0, 0, 0, 0, 0, 0, 0),
(890, "Flamme Domptée", 0, 0, 0, 0, 0, 0, 0, 0, 0, 0, 0),
(891, "Paradoxe de l'Abraknyde Ancestral", 0, 0, 0, 0, 0, 0, 0, 0, 0, 0, 0),
(892, "Cible Magnétisée", 0, 0, 0, 0, 0, 0, 0, 0, 0, 0, 0),
(893, "Destin scellé I", 0, 0, 0, 0, 0, 0, 0, 0, 0, 0, 0),
(894, "Destin scellé II", 0, 0, 0, 0, 0, 0, 0, 0, 0, 0, 0),
(895, "Destin scellé III", 0, 0, 0, 0, 0, 0, 0, 0, 0, 0, 0),
(896, "Destin scellé IV", 0, 0, 0, 0, 0, 0, 0, 0, 0, 0, 0),
(897, "Flamme Turquoise Domptée", 0, 0, 0, 0, 0, 0, 0, 0, 0, 0, 0),
(898, "Flamme Émeraude Domptée", 0, 0, 0, 0, 0, 0, 0, 0, 0, 0, 0),
(899, "Flamme Pourpre Domptée", 0, 0, 0, 0, 0, 0, 0, 0, 0, 0, 0),
(900, "Flamme Ocre Domptée", 0, 0, 0, 0, 0, 0, 0, 0, 0, 0, 0),
(901, "Flamme Ébène Domptée", 0, 0, 0, 0, 0, 0, 0, 0, 0, 0, 0),
(902, "Flamme Ivoire Domptée", 0, 0, 0, 0, 0, 0, 0, 0, 0, 0, 0),
(903, "Impact 1/4", 0, 0, 0, 0, 0, 0, 0, 0, 0, 0, 0),
(904, "Impact 2/4", 0, 0, 0, 0, 0, 0, 0, 0, 0, 0, 0),
(905, "Impact 3/4", 0, 0, 0, 0, 0, 0, 0, 0, 0, 0, 0),
(906, "Impact 4/4", 0, 0, 0, 0, 0, 0, 0, 0, 0, 0, 0),
(907, "Brisé", 0, 0, 0, 0, 0, 0, 0, 0, 0, 0, 0),
(908, "Cellule 451", 0, 0, 0, 0, 0, 0, 0, 0, 0, 0, 0),
(909, "Cellule 325", 0, 0, 0, 0, 0, 0, 0, 0, 0, 0, 0),
(910, "Cellule 329", 0, 0, 0, 0, 0, 0, 0, 0, 0, 0, 0),
(911, "Cellule 428", 0, 0, 0, 0, 0, 0, 0, 0, 0, 0, 0),
(912, "Cellule 510", 0, 0, 0, 0, 0, 0, 0, 0, 0, 0, 0),
(913, "Audace de Dodge (déplacé)", 0, 0, 0, 0, 0, 0, 0, 0, 0, 0, 0),
(914, "Audace de Dodge (taclé)", 0, 0, 0, 0, 0, 0, 0, 0, 0, 0, 0),
(915, "État générique Chevrotine 01", 0, 0, 1, 0, 0, 0, 0, 0, 0, 0, 0),
(916, "État générique Chevrotine 02", 0, 0, 1, 0, 0, 0, 0, 0, 0, 0, 0),
(917, "État générique Chevrotine 03", 0, 0, 1, 0, 0, 0, 0, 0, 0, 0, 0),
(918, "État générique Chevrotine 04", 0, 0, 1, 0, 0, 0, 0, 0, 0, 0, 0),
(919, "État générique Chevrotine 05", 0, 0, 1, 0, 0, 0, 0, 0, 0, 0, 0),
(920, "État générique Chevrotine 06", 0, 0, 1, 0, 0, 0, 0, 0, 0, 0, 0),
(921, "État générique Chevrotine 07", 0, 0, 1, 0, 0, 0, 0, 0, 0, 0, 0),
(922, "État générique Chevrotine 08", 0, 0, 1, 0, 0, 0, 0, 0, 0, 0, 0),
(923, "État générique Chevrotine 09", 0, 0, 1, 0, 0, 0, 0, 0, 0, 0, 0),
(930, "Digestion", 0, 0, 0, 0, 0, 0, 0, 0, 0, 0, 0),
(931, "Éveil", 0, 0, 0, 0, 0, 0, 0, 0, 0, 0, 0),
(932, "Brûlure au premier degré", 0, 0, 0, 0, 0, 0, 0, 0, 0, 0, 0),
(933, "Brûlure au second degré", 0, 0, 0, 0, 0, 0, 0, 0, 0, 0, 0),
(934, "Brûlure au troisième degré", 0, 0, 0, 0, 0, 0, 0, 0, 0, 0, 0),
(935, "Invulnérabilité glaciale", 0, 0, 0, 0, 0, 0, 0, 0, 1, 0, 0),
(936, "Bilicien", 0, 0, 1, 0, 0, 0, 0, 0, 0, 0, 0),
(937, "Dilicien", 0, 0, 1, 0, 0, 0, 0, 0, 0, 0, 0),
(938, "Silicien", 0, 0, 1, 0, 0, 0, 0, 0, 0, 0, 0),
(939, "Pilicien", 0, 0, 1, 0, 0, 0, 0, 0, 0, 0, 0),
(940, "Flamme mourante", 0, 0, 0, 0, 0, 0, 0, 0, 0, 0, 0),
(941, "Bouquet mi-serre", 0, 0, 0, 0, 0, 0, 0, 0, 0, 0, 0),
(942, "TPLBUPTLJ", 0, 0, 0, 0, 0, 0, 0, 0, 0, 0, 0),
(943, "Arrière-Garde", 0, 0, 0, 0, 0, 0, 0, 0, 0, 0, 0),
(944, "Avant-Garde", 0, 0, 0, 0, 0, 0, 0, 0, 0, 0, 0);