INSERT INTO mob_subareas__subarea_mobs
    (mob_subareas, subarea_mobs) 
VALUES
(31, 1),
(31, 2),
(31, 3),
(31, 4),
(31, 5),
(31, 6),
(34, 7),
(34, 8),
(34, 9),
(34, 11),
(34, 10),
(34, 12),
(46, 13),
(46, 14),
(46, 15),
(46, 16),
(46, 17),
(46, 18),
(47, 19),
(47, 20),
(48, 21),
(48, 22),
(48, 23),
(52, 24),
(52, 25),
(52, 26),
(52, 27),
(52, 28),
(52, 29),
(52, 30),
(53, 31),
(53, 32),
(53, 33),
(53, 34),
(53, 35),
(54, 36),
(54, 37),
(54, 38),
(54, 40),
(54, 41),
(54, 39),
(55, 42),
(55, 43),
(55, 44),
(56, 45),
(56, 46),
(56, 47),
(57, 48),
(57, 49),
(57, 50),
(58, 51),
(59, 52),
(59, 53),
(59, 54),
(61, 55),
(61, 56),
(61, 57),
(62, 58),
(62, 59),
(62, 60),
(62, 61),
(63, 62),
(64, 63),
(64, 64),
(64, 65),
(65, 66),
(65, 67),
(65, 68),
(68, 69),
(68, 70),
(72, 71),
(72, 72),
(74, 73),
(74, 74),
(74, 75),
(74, 76),
(74, 77),
(75, 78),
(75, 79),
(75, 80),
(76, 81),
(76, 82),
(76, 83),
(78, 84),
(78, 85),
(78, 86),
(78, 87),
(79, 88),
(79, 89),
(79, 90),
(81, 91),
(81, 92),
(82, 93),
(82, 94),
(82, 95),
(83, 96),
(83, 97),
(84, 98),
(84, 99),
(85, 100),
(86, 101),
(87, 102),
(87, 103),
(87, 104),
(88, 105),
(88, 106),
(88, 107),
(89, 108),
(89, 109),
(89, 110),
(90, 111),
(90, 112),
(90, 113),
(91, 114),
(91, 115),
(91, 116),
(93, 117),
(93, 118),
(93, 119),
(94, 120),
(94, 121),
(94, 122),
(95, 123),
(95, 124),
(95, 125),
(96, 126),
(96, 127),
(97, 128),
(97, 129),
(97, 130),
(98, 132),
(98, 131),
(98, 133),
(98, 134),
(99, 135),
(99, 136),
(99, 137),
(101, 138),
(101, 140),
(101, 139),
(101, 141),
(102, 142),
(102, 143),
(102, 144),
(102, 145),
(102, 146),
(103, 147),
(103, 148),
(103, 149),
(103, 150),
(104, 151),
(104, 152),
(104, 153),
(104, 154),
(106, 155),
(106, 156),
(106, 157),
(107, 158),
(108, 159),
(108, 160),
(108, 161),
(108, 162),
(108, 163),
(110, 164),
(110, 165),
(110, 167),
(110, 168),
(110, 166),
(111, 169),
(111, 170),
(111, 171),
(111, 172),
(112, 173),
(112, 174),
(112, 175),
(112, 176),
(113, 177),
(118, 178),
(118, 179),
(118, 180),
(118, 182),
(118, 181),
(118, 183),
(118, 184),
(119, 185),
(119, 186),
(119, 187),
(121, 188),
(123, 189),
(123, 190),
(124, 191),
(126, 192),
(127, 193),
(127, 194),
(134, 195),
(134, 197),
(134, 196),
(134, 198),
(147, 199),
(148, 200),
(148, 201),
(148, 202),
(149, 203),
(149, 205),
(149, 204),
(149, 206),
(150, 207),
(153, 208),
(153, 209),
(153, 210),
(153, 211),
(154, 212),
(154, 213),
(154, 214),
(154, 215),
(155, 216),
(155, 217),
(157, 218),
(158, 219),
(158, 220),
(159, 221),
(159, 222),
(159, 223),
(159, 224),
(170, 225),
(170, 226),
(170, 227),
(171, 228),
(171, 229),
(173, 230),
(177, 231),
(177, 232),
(177, 233),
(178, 234),
(178, 236),
(178, 235),
(178, 237),
(179, 238),
(180, 239),
(181, 240),
(182, 241),
(194, 242),
(194, 243),
(198, 244),
(198, 245),
(200, 246),
(200, 247),
(207, 248),
(208, 249),
(208, 250),
(209, 251),
(209, 252),
(211, 253),
(211, 254),
(212, 255),
(212, 256),
(213, 257),
(213, 258),
(214, 259),
(214, 260),
(215, 261),
(215, 262),
(216, 263),
(216, 264),
(217, 265),
(217, 266),
(218, 267),
(218, 268),
(220, 269),
(221, 270),
(222, 271),
(223, 272),
(226, 273),
(228, 274),
(228, 275),
(228, 276),
(229, 277),
(229, 278),
(229, 279),
(230, 280),
(231, 281),
(231, 283),
(231, 282),
(232, 284),
(232, 285),
(233, 286),
(235, 287),
(235, 288),
(236, 289),
(236, 290),
(236, 291),
(236, 292),
(236, 293),
(236, 294),
(236, 296),
(236, 295),
(236, 298),
(236, 297),
(236, 299),
(236, 300),
(236, 301),
(236, 302),
(236, 303),
(236, 304),
(236, 305),
(236, 306),
(236, 307),
(236, 308),
(236, 309),
(236, 310),
(236, 312),
(236, 311),
(236, 313),
(236, 314),
(236, 315),
(240, 316),
(240, 317),
(241, 318),
(241, 319),
(242, 320),
(243, 321),
(244, 322),
(245, 323),
(249, 324),
(252, 325),
(253, 326),
(253, 327),
(254, 328),
(254, 329),
(255, 330),
(256, 331),
(256, 332),
(257, 333),
(258, 334),
(259, 335),
(259, 336),
(259, 337),
(259, 338),
(260, 339),
(261, 340),
(261, 341),
(261, 342),
(263, 343),
(263, 344),
(263, 345),
(269, 346),
(269, 347),
(270, 348),
(270, 349),
(271, 350),
(271, 351),
(272, 352),
(272, 353),
(273, 355),
(273, 354),
(274, 356),
(274, 357),
(275, 358),
(275, 359),
(276, 360),
(276, 361),
(277, 362),
(278, 363),
(279, 364),
(280, 365),
(281, 366),
(281, 367),
(287, 368),
(288, 369),
(288, 370),
(289, 371),
(290, 372),
(290, 374),
(290, 373),
(290, 375),
(290, 376),
(291, 377),
(291, 378),
(291, 379),
(291, 380),
(291, 381),
(291, 382),
(292, 383),
(292, 384),
(292, 385),
(292, 386),
(293, 387),
(293, 388),
(293, 389),
(294, 390),
(297, 391),
(298, 392),
(298, 393),
(299, 394),
(299, 395),
(299, 396),
(300, 397),
(300, 398),
(301, 399),
(343, 400),
(344, 401),
(366, 402),
(371, 403),
(374, 404),
(375, 405),
(375, 406),
(377, 407),
(378, 408),
(379, 409),
(380, 410),
(382, 411),
(384, 412),
(384, 413),
(384, 414),
(385, 415),
(385, 416),
(386, 417),
(386, 418),
(387, 419),
(387, 420),
(388, 421),
(388, 422),
(389, 423),
(389, 424),
(390, 425),
(390, 426),
(391, 427),
(391, 428),
(392, 429),
(392, 430),
(393, 431),
(393, 432),
(396, 433),
(396, 434),
(396, 435),
(396, 436),
(397, 437),
(398, 438),
(405, 439),
(412, 440),
(413, 441),
(414, 442),
(415, 443),
(422, 444),
(422, 445),
(423, 446),
(429, 447),
(429, 448),
(430, 449),
(442, 450),
(442, 451),
(442, 452),
(446, 453),
(447, 454),
(447, 455),
(447, 456),
(449, 457),
(449, 458),
(450, 459),
(450, 460),
(456, 461),
(457, 462),
(459, 463),
(460, 464),
(462, 465),
(463, 466),
(464, 467),
(465, 468),
(466, 469),
(467, 470),
(473, 471),
(474, 472),
(475, 473),
(478, 474),
(479, 475),
(479, 476),
(481, 477),
(483, 478),
(483, 479),
(483, 480),
(484, 481),
(484, 482),
(485, 483),
(485, 484),
(486, 485),
(486, 486),
(487, 487),
(487, 488),
(488, 489),
(489, 490),
(489, 492),
(489, 491),
(489, 493),
(489, 494),
(489, 496),
(489, 495),
(489, 497),
(489, 498),
(489, 499),
(489, 500),
(489, 501),
(489, 502),
(489, 504),
(489, 503),
(489, 505),
(489, 506),
(489, 507),
(489, 508),
(489, 509),
(489, 510),
(489, 511),
(489, 512),
(489, 513),
(489, 514),
(490, 515),
(490, 516),
(490, 517),
(490, 518),
(490, 519),
(490, 521),
(490, 520),
(490, 522),
(490, 523),
(490, 524),
(490, 525),
(490, 526),
(490, 528),
(490, 529),
(490, 527),
(490, 530),
(490, 531),
(490, 532),
(490, 533),
(490, 534),
(490, 535),
(490, 536),
(490, 537),
(490, 538),
(490, 539),
(490, 540),
(491, 541),
(491, 543),
(491, 542),
(491, 544),
(491, 545),
(491, 546),
(491, 548),
(491, 547),
(491, 549),
(491, 550),
(491, 551),
(491, 552),
(491, 553),
(491, 554),
(491, 555),
(491, 557),
(491, 556),
(491, 558),
(491, 559),
(491, 560),
(491, 561),
(491, 562),
(491, 563),
(491, 564),
(491, 565),
(491, 566),
(491, 567),
(492, 568),
(492, 570),
(492, 571),
(492, 569),
(492, 572),
(492, 573),
(492, 574),
(492, 575),
(492, 576),
(492, 577),
(492, 578),
(492, 579),
(492, 580),
(492, 581),
(492, 582),
(492, 583),
(492, 584),
(492, 585),
(492, 586),
(492, 587),
(492, 588),
(492, 589),
(492, 590),
(492, 591),
(492, 592),
(492, 593),
(492, 595),
(492, 594),
(493, 596),
(493, 597),
(493, 598),
(493, 599),
(493, 600),
(493, 601),
(493, 602),
(493, 603),
(493, 604),
(493, 605),
(493, 606),
(493, 607),
(493, 608),
(493, 609),
(493, 610),
(493, 611),
(493, 612),
(493, 613),
(493, 614),
(493, 615),
(493, 616),
(493, 617),
(493, 618),
(493, 619),
(493, 620),
(493, 621),
(493, 622),
(494, 623),
(494, 624),
(494, 625),
(494, 626),
(495, 627),
(496, 628),
(498, 629),
(498, 630),
(515, 631),
(515, 632),
(515, 633),
(515, 634),
(515, 635),
(517, 636),
(517, 637),
(517, 638),
(518, 639),
(518, 640),
(518, 641),
(518, 642),
(518, 643),
(519, 644),
(519, 645),
(519, 646),
(520, 647),
(520, 649),
(520, 648),
(520, 650),
(520, 651),
(522, 652),
(522, 653),
(522, 654),
(522, 655),
(523, 656),
(523, 658),
(523, 657),
(523, 659),
(523, 660),
(524, 661),
(524, 662),
(524, 663),
(525, 664),
(525, 665),
(527, 666),
(527, 667),
(527, 668),
(528, 669),
(528, 670),
(528, 671),
(529, 672),
(529, 673),
(529, 674),
(530, 675),
(530, 676),
(530, 677),
(530, 678),
(530, 679),
(531, 680),
(531, 681),
(531, 682),
(531, 683),
(531, 684),
(532, 685),
(532, 686),
(532, 687),
(532, 688),
(534, 689),
(535, 690),
(535, 691),
(535, 692),
(537, 693),
(537, 694),
(537, 695),
(546, 696),
(546, 697),
(547, 698),
(548, 699),
(548, 700),
(548, 701),
(548, 702),
(548, 703),
(549, 704),
(549, 705),
(549, 706),
(550, 707),
(552, 708),
(554, 709),
(555, 710),
(566, 711),
(566, 712),
(566, 713),
(568, 714),
(570, 715),
(570, 716),
(578, 717),
(579, 718),
(580, 719),
(581, 720),
(582, 721),
(583, 722),
(584, 723),
(585, 724),
(586, 725),
(587, 726),
(588, 727),
(589, 728),
(590, 729),
(594, 730),
(595, 731),
(596, 732),
(597, 733),
(598, 734),
(599, 735),
(600, 736),
(600, 737),
(601, 738),
(601, 739),
(603, 740),
(603, 741),
(603, 742),
(605, 743),
(607, 744),
(612, 745),
(649, 746),
(650, 747),
(650, 748),
(651, 749),
(651, 750),
(652, 751),
(653, 752),
(654, 753),
(655, 754),
(666, 755),
(668, 756),
(668, 757),
(669, 758),
(670, 759),
(671, 760),
(671, 761),
(672, 762),
(673, 763),
(674, 764),
(675, 765),
(676, 766),
(677, 767),
(681, 768),
(744, 769),
(744, 770),
(745, 771),
(745, 772),
(746, 773),
(746, 775),
(746, 774),
(747, 776),
(747, 777),
(747, 778),
(747, 779),
(747, 780),
(748, 781),
(748, 782),
(748, 783),
(749, 784),
(749, 785),
(749, 786),
(751, 787),
(751, 788),
(751, 789),
(752, 790),
(752, 791),
(753, 792),
(753, 793),
(754, 795),
(754, 794),
(754, 796),
(755, 797),
(755, 798),
(756, 799),
(756, 800),
(758, 801),
(759, 802),
(760, 803),
(761, 804),
(763, 805),
(763, 806),
(780, 807),
(783, 808),
(783, 809),
(784, 810),
(784, 811),
(785, 812),
(786, 813),
(791, 814),
(791, 815),
(792, 816),
(795, 817),
(796, 818),
(796, 819),
(797, 820),
(798, 821),
(799, 822),
(800, 823),
(804, 824),
(804, 825),
(806, 826),
(806, 827),
(807, 828),
(808, 829),
(818, 830),
(818, 831),
(819, 832),
(819, 833),
(820, 834),
(820, 835),
(823, 836),
(824, 837),
(825, 838),
(826, 839),
(827, 840),
(829, 841),
(829, 842),
(829, 843),
(830, 844),
(830, 845),
(831, 846),
(831, 847),
(832, 848),
(832, 849),
(834, 850),
(835, 851),
(836, 852),
(839, 853),
(839, 854),
(839, 855),
(840, 856),
(840, 857),
(841, 858),
(841, 859),
(842, 860),
(843, 861),
(845, 862),
(845, 863),
(847, 864),
(847, 865),
(848, 866),
(848, 867),
(849, 868),
(849, 869),
(851, 870),
(853, 871),
(853, 872),
(854, 873),
(855, 874),
(855, 875),
(858, 876),
(858, 877),
(862, 878),
(862, 879),
(864, 880),
(864, 881),
(867, 882),
(867, 883),
(868, 884),
(868, 885),
(869, 886),
(869, 887),
(869, 888),
(870, 889),
(870, 890),
(871, 892),
(871, 891),
(872, 893),
(876, 894),
(876, 895),
(876, 897),
(876, 896),
(876, 898),
(877, 899),
(878, 900),
(878, 901),
(879, 902),
(879, 903),
(884, 904),
(884, 905),
(885, 906),
(885, 907),
(886, 908),
(886, 909),
(888, 911),
(888, 910),
(891, 912),
(891, 913),
(892, 914),
(893, 915),
(894, 916),
(895, 917),
(896, 918),
(896, 919),
(899, 920),
(899, 921),
(901, 922),
(901, 923),
(902, 924),
(903, 925),
(904, 926),
(905, 927),
(905, 928),
(906, 929),
(906, 930),
(907, 931),
(907, 932),
(917, 933),
(920, 934),
(920, 935),
(921, 936),
(921, 937),
(922, 938),
(922, 939),
(923, 941),
(923, 940),
(924, 942),
(926, 943),
(927, 944),
(928, 945),
(932, 946),
(935, 947),
(936, 948),
(937, 949),
(938, 950),
(939, 952),
(939, 951),
(940, 953),
(940, 954),
(941, 955),
(942, 956),
(943, 957),
(954, 958),
(970, 959),
(971, 960),
(972, 961),
(973, 962),
(979, 963),
(980, 964),
(981, 965),
(982, 966),
(984, 967),
(990, 968),
(991, 969),
(992, 970),
(1019, 971),
(1019, 972),
(1019, 973),
(1020, 974),
(1020, 975),
(1020, 976),
(1022, 977),
(1022, 978),
(1025, 980),
(1025, 979),
(1025, 981),
(1026, 982),
(1026, 983),
(1027, 984),
(1029, 985),
(1029, 986),
(1029, 987),
(1041, 988),
(1041, 989),
(1041, 990),
(1043, 991),
(1043, 992),
(1043, 993),
(1044, 994),
(1044, 995),
(1044, 996),
(1045, 997),
(1046, 998),
(1046, 999),
(1047, 1000),
(1047, 1001),
(1048, 1002),
(1048, 1003),
(1049, 1004),
(1049, 1005),
(1050, 1006),
(1050, 1007),
(1051, 1008),
(1052, 1009),
(1052, 1010),
(1053, 1011),
(1053, 1012),
(1054, 1013),
(1054, 1014),
(1055, 1016),
(1055, 1015),
(1056, 1017),
(1056, 1018),
(1057, 1019),
(1057, 1020),
(1057, 1021),
(1058, 1022),
(1058, 1023),
(1058, 1024),
(1059, 1025),
(1059, 1026),
(1059, 1027),
(1060, 1028),
(1060, 1029),
(1061, 1030),
(1061, 1031),
(1062, 1032),
(1062, 1033),
(1063, 1034),
(1063, 1035),
(1064, 1036),
(1064, 1037),
(1065, 1038),
(1065, 1039),
(1066, 1040),
(1066, 1041),
(1067, 1042),
(1067, 1043),
(1068, 1044),
(1068, 1045),
(1068, 1046),
(1069, 1047),
(1069, 1048),
(1069, 1049),
(1070, 1050),
(1070, 1051),
(1070, 1052),
(1071, 1053),
(1072, 1054),
(1073, 1055),
(1073, 1056),
(1074, 1057),
(1074, 1058),
(1074, 1059),
(1075, 1060),
(1075, 1061),
(1075, 1062),
(1076, 1063),
(1076, 1064),
(1076, 1065),
(1077, 1066),
(1077, 1067),
(1077, 1068),
(1078, 1069),
(1085, 1070),
(1086, 1071),
(1087, 1072),
(1096, 1073),
(1096, 1074),
(1096, 1075),
(1119, 1076),
(1121, 1077),
(1153, 1078),
(1153, 1079),
(1154, 1080),
(1154, 1081),
(1155, 1082),
(1155, 1083),
(1156, 1084),
(1156, 1085),
(1156, 1086),
(1157, 1087),
(1157, 1088),
(1158, 1089),
(1158, 1090),
(1158, 1091),
(1159, 1092),
(1162, 1093),
(1178, 1094),
(1179, 1095),
(1180, 1096),
(1180, 1097),
(1181, 1098),
(1182, 1099),
(1182, 1100),
(1183, 1101),
(1183, 1102),
(1184, 1103),
(1184, 1104),
(1185, 1105),
(1185, 1106),
(1186, 1107),
(1186, 1108),
(1187, 1109),
(1187, 1110),
(1188, 1111),
(1194, 1112),
(1195, 1113),
(1229, 1114),
(1230, 1115),
(1231, 1116),
(1234, 1117),
(1247, 1118),
(1247, 1120),
(1247, 1119),
(1247, 1121),
(2270, 1122),
(2271, 1123),
(2272, 1124),
(2273, 1125),
(2273, 1126),
(2273, 1127),
(2275, 1128),
(2275, 1129),
(2276, 1131),
(2276, 1130),
(2276, 1132),
(2277, 1133),
(2278, 1134),
(2278, 1135),
(2279, 1136),
(2280, 1137),
(2281, 1138),
(2282, 1139),
(2283, 1140),
(2285, 1141),
(2286, 1142),
(2287, 1143),
(2287, 1144),
(2289, 1145),
(2289, 1146),
(2292, 1147),
(2292, 1148),
(2293, 1149),
(2294, 1150),
(2295, 1151),
(2296, 1152),
(2297, 1153),
(2298, 1154),
(2299, 1155),
(2300, 1156),
(2301, 1157),
(2302, 1158),
(2303, 1159),
(2303, 1160),
(2304, 1161),
(2304, 1162),
(2305, 1163),
(2306, 1164),
(2306, 1165),
(2307, 1166),
(2308, 1167),
(2308, 1168),
(2309, 1169),
(2310, 1170),
(2310, 1171),
(2310, 1172),
(2310, 1173),
(2311, 1174),
(2311, 1175),
(2312, 1176),
(2313, 1177),
(2314, 1178),
(2315, 1179),
(2315, 1180),
(2316, 1181),
(2316, 1182),
(2317, 1183),
(2317, 1184),
(2318, 1185),
(2318, 1186),
(2319, 1187),
(2319, 1188),
(2319, 1189),
(2320, 1190),
(2320, 1191),
(2320, 1192),
(2320, 1193),
(2321, 1194),
(2321, 1195),
(2321, 1196),
(2322, 1197),
(2322, 1198),
(2322, 1199),
(2323, 1200),
(2323, 1201),
(2324, 1202),
(2324, 1203),
(2325, 1204),
(2326, 1205),
(2326, 1206),
(2327, 1207),
(2328, 1208),
(2328, 1209),
(2329, 1210),
(2329, 1211),
(2329, 1212),
(2331, 1213),
(2331, 1214),
(2331, 1215),
(2331, 1216),
(2331, 1217),
(2331, 1218),
(2332, 1219),
(2332, 1220),
(2332, 1221),
(2332, 1222),
(2332, 1223),
(2332, 1224),
(2333, 1225),
(2333, 1226),
(2333, 1227),
(2334, 1228),
(2335, 1229),
(2335, 1230),
(2336, 1231),
(2336, 1232),
(2336, 1233),
(2337, 1234),
(2338, 1235),
(2339, 1236),
(2339, 1237),
(2339, 1238),
(2339, 1239),
(2340, 1240),
(2341, 1241),
(2341, 1242),
(2341, 1243),
(2341, 1244),
(2341, 1245),
(2341, 1246),
(2341, 1247),
(2341, 1248),
(2341, 1249),
(2341, 1250),
(2341, 1251),
(2341, 1253),
(2341, 1252),
(2341, 1254),
(2341, 1255),
(2341, 1256),
(2341, 1257),
(2341, 1258),
(2341, 1259),
(2341, 1260),
(2341, 1261),
(2341, 1262),
(2341, 1263),
(2341, 1264),
(2341, 1265),
(2341, 1266),
(2342, 1267),
(2342, 1269),
(2342, 1268),
(2342, 1270),
(2342, 1271),
(2342, 1272),
(2342, 1273),
(2342, 1274),
(2342, 1275),
(2342, 1276),
(2342, 1277),
(2342, 1279),
(2342, 1278),
(2342, 1280),
(2342, 1282),
(2342, 1281),
(2342, 1283),
(2342, 1284),
(2342, 1285),
(2342, 1286),
(2342, 1287),
(2342, 1288),
(2342, 1289),
(2342, 1290),
(2342, 1291),
(2342, 1292),
(2343, 1293),
(2343, 1294),
(2343, 1295),
(2343, 1296),
(2343, 1297),
(2343, 1298),
(2343, 1299),
(2343, 1301),
(2343, 1300),
(2343, 1302),
(2343, 1303),
(2343, 1304),
(2343, 1305),
(2343, 1306),
(2343, 1307),
(2343, 1308),
(2343, 1309),
(2343, 1310),
(2343, 1311),
(2343, 1312),
(2343, 1313),
(2343, 1314),
(2343, 1315),
(2343, 1316),
(2343, 1317),
(2343, 1318),
(2344, 1319),
(2344, 1320),
(2344, 1321),
(2344, 1322),
(2344, 1323),
(2344, 1324),
(2344, 1326),
(2344, 1325),
(2344, 1327),
(2344, 1328),
(2344, 1329),
(2344, 1330),
(2344, 1331),
(2344, 1332),
(2344, 1333),
(2344, 1334),
(2344, 1335),
(2344, 1336),
(2344, 1337),
(2344, 1338),
(2344, 1339),
(2344, 1340),
(2344, 1341),
(2344, 1342),
(2345, 1343),
(2345, 1344),
(2345, 1345),
(2345, 1346),
(2345, 1347),
(2345, 1349),
(2345, 1348),
(2345, 1350),
(2345, 1352),
(2345, 1351),
(2345, 1353),
(2345, 1354),
(2345, 1355),
(2345, 1356),
(2345, 1357),
(2345, 1358),
(2345, 1359),
(2345, 1360),
(2345, 1361),
(2345, 1362),
(2345, 1364),
(2345, 1363),
(2345, 1365),
(2345, 1366),
(2345, 1367),
(2345, 1368),
(2346, 1369),
(2347, 1370),
(2347, 1371),
(2347, 1372),
(2347, 1373),
(2347, 1374),
(2347, 1375),
(2347, 1376),
(2347, 1377),
(2347, 1378),
(2347, 1379),
(2347, 1380),
(2347, 1381),
(2347, 1382),
(2347, 1383),
(2347, 1384),
(2347, 1385),
(2347, 1386),
(2347, 1387),
(2347, 1389),
(2347, 1388),
(2347, 1390),
(2347, 1391),
(2347, 1392),
(2347, 1393),
(2347, 1394),
(2347, 1395),
(2348, 1396),
(2348, 1397),
(2349, 1398),
(2349, 1399),
(2349, 1400),
(2349, 1401),
(2350, 1402),
(2351, 1403),
(2352, 1404),
(2352, 1405),
(2352, 1406),
(2353, 1407),
(2353, 1408),
(2353, 1409),
(2353, 1410),
(2354, 1411),
(2355, 1412),
(2356, 1413),
(2357, 1414),
(2357, 1415),
(2357, 1416),
(2358, 1417),
(2358, 1418),
(2359, 1419),
(2360, 1420),
(2361, 1421),
(2361, 1422),
(2363, 1423),
(2363, 1424),
(2367, 1425),
(2367, 1426),
(2367, 1427),
(2368, 1428),
(2368, 1429),
(2368, 1430),
(2369, 1431),
(2369, 1432),
(2369, 1433),
(2370, 1434),
(2371, 1435),
(2372, 1436),
(2372, 1437),
(2372, 1438),
(2373, 1439),
(2374, 1440),
(2376, 1441),
(2377, 1442),
(2377, 1443),
(2377, 1444),
(2378, 1445),
(2379, 1446),
(2381, 1447),
(2382, 1448),
(2382, 1449),
(2383, 1450),
(2383, 1451),
(2384, 1453),
(2384, 1452),
(2385, 1454),
(2386, 1455),
(2388, 1456),
(2389, 1457),
(2391, 1458),
(2391, 1459),
(2392, 1460),
(2392, 1461),
(2392, 1462),
(2392, 1463),
(2393, 1464),
(2396, 1465),
(2397, 1466),
(2398, 1467),
(2398, 1468),
(2399, 1469),
(2400, 1470),
(2401, 1471),
(2402, 1472),
(2403, 1473),
(2403, 1474),
(2404, 1475),
(2405, 1476),
(2406, 1477),
(2407, 1478),
(2408, 1479),
(2411, 1480),
(2411, 1481),
(2411, 1482),
(2411, 1483),
(2412, 1484),
(2412, 1485),
(2413, 1486),
(2413, 1488),
(2413, 1487),
(2413, 1489),
(2414, 1490),
(2414, 1491),
(2414, 1492),
(2415, 1493),
(2415, 1494),
(2415, 1495),
(2415, 1496),
(2416, 1497),
(2416, 1498),
(2416, 1499),
(2416, 1500),
(2417, 1501),
(2417, 1502),
(2417, 1503),
(2417, 1504),
(2418, 1505),
(2418, 1506),
(2418, 1507),
(2418, 1508),
(2419, 1509),
(2420, 1510),
(2421, 1511),
(2421, 1512),
(2422, 1513),
(2422, 1514),
(2423, 1515),
(2423, 1516),
(2423, 1517),
(2424, 1518),
(2425, 1519),
(2426, 1520),
(2427, 1521),
(2428, 1522),
(2428, 1523),
(2428, 1524),
(2429, 1525),
(2430, 1526),
(2430, 1527),
(2430, 1528),
(2431, 1529),
(2432, 1530),
(2432, 1531),
(2433, 1532),
(2433, 1533),
(2434, 1534),
(2434, 1535),
(2434, 1536),
(2436, 1537),
(2436, 1538),
(2437, 1539),
(2438, 1540),
(2439, 1541),
(2439, 1542),
(2439, 1543),
(2440, 1544),
(2442, 1545),
(2442, 1546),
(2442, 1547),
(2442, 1548),
(2445, 1549),
(2445, 1550),
(2445, 1551),
(2446, 1552),
(2446, 1553),
(2446, 1554),
(2447, 1555),
(2447, 1556),
(2447, 1557),
(2448, 1558),
(2448, 1559),
(2448, 1560),
(2449, 1561),
(2449, 1562),
(2449, 1563),
(2450, 1564),
(2450, 1565),
(2450, 1566),
(2451, 1567),
(2451, 1568),
(2451, 1569),
(2452, 1570),
(2453, 1571),
(2454, 1572),
(2455, 1573),
(2456, 1574),
(2457, 1575),
(2458, 1576),
(2459, 1577),
(2460, 1578),
(2461, 1579),
(2462, 1580),
(2464, 1581),
(2465, 1582),
(2466, 1583),
(2467, 1584),
(2468, 1585),
(2469, 1586),
(2470, 1587),
(2471, 1588),
(2472, 1589),
(2473, 1590),
(2474, 1591),
(2475, 1592),
(2476, 1593),
(2477, 1594),
(2482, 1595),
(2483, 1596),
(2484, 1597),
(2486, 1598),
(2487, 1599),
(2493, 1600),
(2493, 1601),
(2494, 1602),
(2494, 1603),
(2494, 1604),
(2495, 1605),
(2497, 1606),
(2498, 1607),
(2498, 1608),
(2502, 1609),
(2503, 1610),
(2505, 1611),
(2506, 1612),
(2507, 1613),
(2508, 1614),
(2508, 1615),
(2509, 1616),
(2510, 1617),
(2510, 1618),
(2510, 1619),
(2511, 1620),
(2511, 1621),
(2511, 1622),
(2512, 1623),
(2512, 1624),
(2513, 1625),
(2514, 1626),
(2515, 1627),
(2516, 1628),
(2517, 1629),
(2517, 1630),
(2518, 1631),
(2519, 1632),
(2520, 1633),
(2521, 1634),
(2522, 1635),
(2522, 1636),
(2524, 1637),
(2525, 1639),
(2525, 1638),
(2526, 1640),
(2526, 1641),
(2527, 1642),
(2527, 1643),
(2528, 1644),
(2529, 1645),
(2531, 1646),
(2532, 1647),
(2533, 1648),
(2534, 1649),
(2538, 1650),
(2539, 1651),
(2539, 1652),
(2540, 1653),
(2540, 1654),
(2541, 1655),
(2541, 1656),
(2542, 1657),
(2543, 1658),
(2544, 1659),
(2545, 1660),
(2546, 1661),
(2547, 1662),
(2548, 1663),
(2548, 1664),
(2548, 1665),
(2549, 1666),
(2549, 1667),
(2549, 1668),
(2549, 1669),
(2550, 1670),
(2551, 1671),
(2551, 1672),
(2552, 1673),
(2553, 1674),
(2554, 1675),
(2555, 1676),
(2556, 1677),
(2557, 1678),
(2558, 1679),
(2559, 1680),
(2560, 1681),
(2561, 1682),
(2562, 1683),
(2562, 1684),
(2563, 1685),
(2564, 1686),
(2565, 1687),
(2566, 1688),
(2566, 1689),
(2567, 1690),
(2568, 1691),
(2569, 1692),
(2569, 1693),
(2570, 1694),
(2570, 1695),
(2571, 1696),
(2572, 1697),
(2573, 1698),
(2573, 1699),
(2574, 1700),
(2574, 1701),
(2574, 1702),
(2574, 1703),
(2574, 1704),
(2574, 1705),
(2575, 1706),
(2575, 1707),
(2577, 1708),
(2578, 1709),
(2578, 1710),
(2579, 1711),
(2580, 1712),
(2581, 1713),
(2582, 1714),
(2583, 1715),
(2584, 1716),
(2585, 1717),
(2585, 1718),
(2587, 1719),
(2587, 1720),
(2588, 1721),
(2589, 1722),
(2589, 1723),
(2589, 1724),
(2590, 1725),
(2591, 1726),
(2592, 1727),
(2592, 1728),
(2592, 1729),
(2593, 1730),
(2593, 1731),
(2597, 1732),
(2597, 1733),
(2597, 1734),
(2598, 1735),
(2598, 1736),
(2598, 1737),
(2600, 1738),
(2600, 1739),
(2601, 1740),
(2614, 1741),
(2614, 1742),
(2615, 1743),
(2616, 1744),
(2622, 1745),
(2636, 1746),
(2637, 1747),
(2639, 1748),
(2641, 1749),
(2680, 1750),
(2685, 1751),
(2692, 1752),
(2693, 1753),
(2772, 1754),
(2781, 1755),
(2785, 1756),
(2786, 1757),
(2788, 1758),
(2790, 1759),
(2791, 1760),
(2793, 1761),
(2795, 1762),
(2795, 1763),
(2795, 1764),
(2795, 1765),
(2796, 1766),
(2802, 1767),
(2819, 1768),
(2819, 1769),
(2821, 1770),
(2827, 1771),
(2828, 1772),
(2829, 1773),
(2830, 1774),
(2831, 1775),
(2832, 1776),
(2833, 1777),
(2834, 1778),
(2835, 1779),
(2845, 1780),
(2846, 1781),
(2847, 1782),
(2848, 1783),
(2849, 1784),
(2849, 1785),
(2850, 1786),
(2850, 1787),
(2851, 1788),
(2851, 1789),
(2852, 1790),
(2852, 1791),
(2853, 1792),
(2853, 1793),
(2854, 1794),
(2855, 1795),
(2855, 1796),
(2856, 1797),
(2856, 1798),
(2857, 1799),
(2857, 1800),
(2858, 1801),
(2858, 1802),
(2859, 1803),
(2860, 1804),
(2861, 1805),
(2861, 1806),
(2861, 1807),
(2862, 1808),
(2862, 1809),
(2862, 1810),
(2863, 1811),
(2863, 1812),
(2863, 1813),
(2864, 1814),
(2865, 1815),
(2865, 1816),
(2866, 1817),
(2866, 1818),
(2867, 1819),
(2868, 1820),
(2869, 1821),
(2869, 1822),
(2874, 1823),
(2874, 1824),
(2875, 1826),
(2875, 1825),
(2876, 1827),
(2876, 1828),
(2877, 1829),
(2878, 1830),
(2878, 1831),
(2880, 1832),
(2880, 1833),
(2881, 1834),
(2881, 1835),
(2882, 1836),
(2883, 1837),
(2883, 1838),
(2884, 1839),
(2885, 1840),
(2885, 1841),
(2886, 1842),
(2886, 1843),
(2888, 1844),
(2888, 1846),
(2888, 1845),
(2888, 1847),
(2889, 1848),
(2889, 1849),
(2889, 1850),
(2889, 1851),
(2890, 1852),
(2890, 1853),
(2890, 1854),
(2890, 1855),
(2891, 1856),
(2891, 1857),
(2891, 1858),
(2891, 1859),
(2892, 1860),
(2892, 1862),
(2892, 1861),
(2893, 1863),
(2893, 1864),
(2894, 1865),
(2895, 1866),
(2895, 1867),
(2896, 1868),
(2896, 1869),
(2897, 1871),
(2897, 1870),
(2898, 1872),
(2898, 1873),
(2900, 1874),
(2901, 1875),
(2902, 1876),
(2903, 1877),
(2904, 1878),
(2905, 1879),
(2906, 1880),
(2908, 1881),
(2909, 1882),
(2910, 1883),
(2911, 1884),
(2913, 1885),
(2913, 1886),
(2914, 1887),
(2914, 1888),
(2918, 1889),
(2920, 1890),
(2921, 1891),
(2924, 1892),
(2932, 1893),
(2932, 1894),
(2932, 1895),
(2933, 1896),
(2933, 1897),
(2933, 1898),
(2934, 1899),
(2934, 1900),
(2934, 1901),
(2935, 1902),
(2935, 1903),
(2936, 1904),
(2937, 1905),
(2941, 1906),
(2941, 1907),
(2942, 1908),
(2960, 1909),
(2965, 1910),
(2965, 1911),
(2966, 1912),
(2966, 1913),
(2967, 1914),
(2968, 1915),
(2970, 1916),
(2975, 1917),
(2982, 1918),
(2986, 1919),
(2987, 1920),
(2988, 1921),
(2988, 1922),
(2989, 1923),
(2989, 1924),
(2992, 1925),
(2995, 1926),
(3096, 1927),
(3096, 1928),
(3100, 1929),
(3107, 1930),
(3108, 1931),
(3109, 1932),
(3115, 1934),
(3115, 1933),
(3117, 1935),
(3118, 1936),
(3119, 1937),
(3137, 1938),
(3141, 1939),
(3142, 1940),
(3143, 1941),
(3144, 1942),
(3145, 1943),
(3145, 1944),
(3145, 1945),
(3146, 1946),
(3146, 1947),
(3146, 1948),
(3147, 1949),
(3147, 1950),
(3147, 1951),
(3148, 1952),
(3148, 1953),
(3148, 1954),
(3149, 1955),
(3149, 1956),
(3149, 1957),
(3150, 1958),
(3150, 1959),
(3150, 1960),
(3151, 1961),
(3151, 1962),
(3151, 1963),
(3152, 1964),
(3152, 1965),
(3152, 1966),
(3153, 1967),
(3153, 1968),
(3153, 1969),
(3154, 1970),
(3154, 1972),
(3154, 1971),
(3155, 1973),
(3155, 1974),
(3155, 1975),
(3156, 1976),
(3156, 1977),
(3156, 1978),
(3157, 1979),
(3157, 1980),
(3157, 1981),
(3158, 1982),
(3158, 1983),
(3158, 1984),
(3159, 1985),
(3159, 1986),
(3159, 1987),
(3160, 1988),
(3160, 1990),
(3160, 1989),
(3161, 1991),
(3161, 1992),
(3161, 1993),
(3162, 1994),
(3162, 1995),
(3162, 1996),
(3163, 1997),
(3163, 1998),
(3163, 1999),
(3164, 2000),
(3164, 2001),
(3164, 2002),
(3165, 2003),
(3166, 2004),
(3167, 2005),
(3172, 2006),
(3178, 2007),
(3179, 2008),
(3180, 2009),
(3181, 2010),
(3182, 2011),
(3183, 2012),
(3184, 2013),
(3185, 2014),
(3186, 2015),
(3187, 2016),
(3188, 2017),
(3189, 2018),
(3190, 2019),
(3191, 2020),
(3192, 2021),
(3193, 2022),
(3194, 2023),
(3195, 2024),
(3196, 2025),
(3197, 2026),
(3205, 2027),
(3208, 2028),
(3232, 2029),
(3234, 2030),
(3235, 2031),
(3238, 2032),
(3239, 2033),
(3239, 2034),
(3239, 2035),
(3239, 2036),
(3240, 2037),
(3244, 2038),
(3244, 2039),
(3270, 2040),
(3271, 2041),
(3272, 2042),
(3273, 2043),
(3281, 2044),
(3282, 2045),
(3283, 2046),
(3284, 2047),
(3293, 2048),
(3294, 2049),
(3295, 2050),
(3296, 2051),
(3297, 2052),
(3298, 2053),
(3299, 2054),
(3300, 2055),
(3301, 2056),
(3302, 2057),
(3304, 2058),
(3304, 2059),
(3304, 2060),
(3306, 2061),
(3307, 2062),
(3308, 2063),
(3309, 2064),
(3310, 2065),
(3311, 2066),
(3345, 2067),
(3346, 2068),
(3347, 2069),
(3348, 2070),
(3349, 2071),
(3350, 2072),
(3351, 2073),
(3352, 2074),
(3358, 2075),
(3359, 2076),
(3370, 2077),
(3373, 2078),
(3379, 2079),
(3379, 2080),
(3380, 2081),
(3380, 2082),
(3381, 2083),
(3382, 2084),
(3382, 2085),
(3383, 2086),
(3383, 2087),
(3384, 2088),
(3384, 2089),
(3385, 2090),
(3385, 2091),
(3386, 2092),
(3386, 2093),
(3387, 2094),
(3387, 2095),
(3389, 2096),
(3389, 2097),
(3390, 2098),
(3391, 2099),
(3391, 2100),
(3392, 2101),
(3392, 2102),
(3393, 2103),
(3393, 2104),
(3394, 2105),
(3394, 2106),
(3395, 2107),
(3396, 2108),
(3396, 2109),
(3397, 2110),
(3397, 2111),
(3400, 2112),
(3401, 2113),
(3402, 2114),
(3403, 2115),
(3404, 2116),
(3404, 2117),
(3405, 2118),
(3406, 2119),
(3406, 2120),
(3407, 2121),
(3407, 2122),
(3408, 2123),
(3408, 2124),
(3409, 2125),
(3409, 2126),
(3410, 2127),
(3410, 2128),
(3411, 2129),
(3412, 2130),
(3412, 2131),
(3413, 2132),
(3414, 2133),
(3414, 2134),
(3415, 2136),
(3415, 2135),
(3416, 2137),
(3446, 2138),
(3460, 2139),
(3461, 2140),
(3462, 2141),
(3463, 2142),
(3464, 2143),
(3464, 2144),
(3465, 2145),
(3465, 2146),
(3466, 2147),
(3466, 2148),
(3467, 2149),
(3467, 2150),
(3468, 2151),
(3468, 2152),
(3469, 2153),
(3474, 2154),
(3476, 2155),
(3482, 2156),
(3484, 2157),
(3484, 2158),
(3485, 2159),
(3485, 2160),
(3486, 2161),
(3486, 2162),
(3487, 2163),
(3487, 2164),
(3516, 2165),
(3517, 2166),
(3518, 2167),
(3519, 2168),
(3524, 2169),
(3525, 2170),
(3527, 2171),
(3528, 2172),
(3533, 2173),
(3534, 2174),
(3535, 2175),
(3535, 2176),
(3535, 2177),
(3538, 2178),
(3542, 2179),
(3542, 2180),
(3542, 2181),
(3543, 2182),
(3543, 2183),
(3543, 2184),
(3543, 2185),
(3544, 2186),
(3544, 2187),
(3544, 2188),
(3552, 2189),
(3553, 2190),
(3554, 2191),
(3556, 2192),
(3557, 2193),
(3558, 2195),
(3558, 2194),
(3559, 2196),
(3559, 2197),
(3559, 2198),
(3560, 2199),
(3560, 2200),
(3560, 2201),
(3561, 2202),
(3561, 2203),
(3561, 2204),
(3562, 2205),
(3562, 2206),
(3562, 2207),
(3564, 2208),
(3566, 2209),
(3566, 2210),
(3567, 2212),
(3567, 2211),
(3568, 2213),
(3568, 2214),
(3569, 2215),
(3569, 2216),
(3570, 2217),
(3578, 2218),
(3578, 2219),
(3588, 2220),
(3589, 2221),
(3590, 2222),
(3591, 2223),
(3592, 2224),
(3618, 2225),
(3619, 2226),
(3620, 2227),
(3620, 2228),
(3621, 2230),
(3621, 2229),
(3622, 2231),
(3622, 2232),
(3623, 2233),
(3623, 2234),
(3645, 2235),
(3648, 2236),
(3651, 2237),
(3652, 2238),
(3653, 2239),
(3653, 2240),
(3653, 2241),
(3654, 2242),
(3654, 2243),
(3654, 2244),
(3655, 2245),
(3655, 2246),
(3655, 2247),
(3656, 2248),
(3656, 2249),
(3656, 2250),
(3657, 2251),
(3658, 2252),
(3658, 2253),
(3659, 2254),
(3659, 2255),
(3660, 2256),
(3660, 2257),
(3661, 2258),
(3661, 2259),
(3662, 2260),
(3663, 2261),
(3663, 2262),
(3664, 2263),
(3664, 2264),
(3665, 2265),
(3665, 2266),
(3666, 2267),
(3666, 2268),
(3667, 2269),
(3668, 2270),
(3669, 2271),
(3670, 2272),
(3726, 2273),
(3730, 2274),
(3730, 2275),
(3731, 2276),
(3731, 2277),
(3732, 2278),
(3732, 2279),
(3733, 2280),
(3733, 2281),
(3734, 2282),
(3735, 2283),
(3735, 2284),
(3736, 2285),
(3736, 2286),
(3737, 2287),
(3737, 2288),
(3738, 2289),
(3738, 2290),
(3739, 2291),
(3740, 2292),
(3740, 2293),
(3746, 2294),
(3746, 2295),
(3746, 2296),
(3747, 2297),
(3747, 2298),
(3747, 2299),
(3748, 2300),
(3748, 2301),
(3748, 2302),
(3749, 2303),
(3749, 2304),
(3749, 2305),
(3750, 2306),
(3752, 2307),
(3753, 2308),
(3760, 2309),
(3761, 2310),
(3762, 2311),
(3823, 2312),
(3823, 2313),
(3824, 2314),
(3824, 2315),
(3825, 2316),
(3825, 2317),
(3826, 2318),
(3826, 2319),
(3827, 2320),
(3828, 2321),
(3834, 2322),
(3834, 2323),
(3835, 2324),
(3836, 2325),
(3836, 2326),
(3837, 2327),
(3837, 2328),
(3838, 2329),
(3838, 2330),
(3839, 2331),
(3840, 2332),
(3840, 2333),
(3841, 2334),
(3841, 2335),
(3842, 2336),
(3842, 2337),
(3843, 2338),
(3843, 2339),
(3844, 2340),
(3845, 2341),
(3848, 2342),
(3849, 2343),
(3851, 2344),
(3852, 2345),
(3854, 2346),
(3854, 2347),
(3855, 2348),
(3855, 2349),
(3856, 2350),
(3856, 2351),
(3857, 2352),
(3857, 2353),
(3858, 2354),
(3940, 2355),
(3940, 2356),
(3941, 2357),
(3941, 2358),
(3942, 2359),
(3942, 2360),
(3943, 2361),
(3943, 2362),
(3944, 2363),
(3945, 2364),
(3991, 2365),
(3992, 2366),
(3992, 2367),
(3993, 2368),
(3993, 2369),
(3994, 2370),
(3994, 2371),
(3995, 2372),
(3995, 2373),
(3996, 2374),
(4000, 2375),
(4000, 2376),
(4014, 2377),
(4015, 2378),
(4016, 2379),
(4017, 2380),
(4027, 2381),
(4028, 2382),
(4041, 2383),
(4045, 2384),
(4045, 2385),
(4046, 2386),
(4046, 2387),
(4047, 2388),
(4047, 2389),
(4048, 2390),
(4048, 2391),
(4049, 2392),
(4049, 2393),
(4050, 2394),
(4051, 2395),
(4074, 2397),
(4074, 2396),
(4105, 2398),
(4106, 2399),
(4107, 2400),
(4108, 2401),
(4109, 2402),
(4110, 2403),
(4151, 2404),
(4152, 2405),
(4160, 2406),
(4160, 2407),
(4161, 2408),
(4162, 2409),
(4162, 2410),
(4163, 2411),
(4181, 2412),
(4182, 2413),
(4189, 2414),
(4190, 2415),
(4191, 2416),
(4192, 2417),
(4193, 2418),
(4194, 2419),
(4195, 2420),
(4196, 2421),
(4197, 2422),
(4198, 2423),
(4199, 2424),
(4211, 2425),
(4212, 2426),
(4213, 2427),
(4214, 2428),
(4227, 2429),
(4228, 2430),
(4229, 2431),
(4240, 2432),
(4263, 2433),
(4264, 2434),
(4265, 2435),
(4266, 2436),
(4268, 2437),
(4270, 2438),
(4272, 2439),
(4273, 2440),
(4274, 2441),
(4275, 2442),
(4276, 2443),
(4277, 2444),
(4278, 2445),
(4283, 2446),
(4283, 2447),
(4284, 2448),
(4284, 2449),
(4285, 2450),
(4285, 2451),
(4286, 2452),
(4287, 2453),
(4287, 2454),
(4291, 2455),
(4291, 2456),
(4292, 2457),
(4292, 2458),
(4293, 2459),
(4293, 2460),
(4294, 2461),
(4294, 2462),
(4295, 2463),
(4296, 2464),
(4296, 2465),
(4297, 2466),
(4297, 2467),
(4298, 2468),
(4298, 2469),
(4299, 2470),
(4299, 2471),
(4300, 2472),
(4329, 2473),
(4362, 2474),
(4363, 2475),
(4364, 2476),
(4393, 2477),
(4394, 2478),
(4395, 2479),
(4398, 2480),
(4399, 2481),
(4400, 2482),
(4434, 2483),
(4434, 2484),
(4434, 2485),
(4435, 2486),
(4435, 2487),
(4435, 2488),
(4436, 2489),
(4436, 2490),
(4436, 2491),
(4437, 2492),
(4437, 2493),
(4437, 2494),
(4438, 2496),
(4438, 2495),
(4438, 2497),
(4439, 2498),
(4439, 2499),
(4439, 2500),
(4439, 2501),
(4440, 2502),
(4440, 2503),
(4440, 2504),
(4440, 2505),
(4441, 2506),
(4441, 2507),
(4441, 2508),
(4441, 2509),
(4442, 2510),
(4442, 2511),
(4442, 2512),
(4443, 2513),
(4443, 2514),
(4444, 2515),
(4448, 2516),
(4448, 2517),
(4448, 2518),
(4448, 2519),
(4449, 2520),
(4449, 2521),
(4449, 2522),
(4449, 2523),
(4450, 2524),
(4450, 2525),
(4450, 2526),
(4450, 2527),
(4451, 2528),
(4451, 2529),
(4451, 2530),
(4452, 2531),
(4452, 2532),
(4453, 2533),
(4455, 2534),
(4455, 2535),
(4455, 2536),
(4455, 2537),
(4456, 2538),
(4456, 2539),
(4456, 2540),
(4456, 2541),
(4457, 2543),
(4457, 2542),
(4457, 2545),
(4457, 2544),
(4458, 2546),
(4458, 2547),
(4458, 2548),
(4459, 2550),
(4459, 2549),
(4460, 2551),
(4506, 2552),
(4507, 2553),
(4532, 2554),
(4538, 2555),
(4539, 2556),
(4540, 2557),
(4541, 2558),
(4542, 2559),
(4543, 2560),
(4544, 2561),
(4547, 2562),
(4548, 2563),
(4550, 2564),
(4551, 2565),
(4552, 2566),
(4553, 2567),
(4557, 2568),
(4558, 2569),
(4559, 2570),
(4560, 2571),
(4570, 2572),
(4570, 2573),
(4570, 2574),
(4570, 2575),
(4571, 2576),
(4571, 2577),
(4571, 2578),
(4571, 2579),
(4572, 2580),
(4573, 2581),
(4573, 2582),
(4573, 2583),
(4574, 2584),
(4575, 2585),
(4578, 2586),
(4579, 2587),
(4580, 2588),
(4581, 2589),
(4604, 2590),
(4604, 2591),
(4605, 2592),
(4605, 2593),
(4606, 2595),
(4606, 2594),
(4607, 2596),
(4607, 2597),
(4608, 2598),
(4609, 2599),
(4614, 2600),
(4614, 2601),
(4615, 2603),
(4615, 2602),
(4616, 2604),
(4616, 2605),
(4617, 2606),
(4618, 2607),
(4619, 2608),
(4619, 2609),
(4620, 2610),
(4620, 2611),
(4621, 2612),
(4622, 2613),
(4675, 2614),
(4726, 2615),
(4727, 2616),
(4728, 2618),
(4728, 2617),
(4728, 2619),
(4729, 2620),
(4729, 2621),
(4729, 2622),
(4730, 2623),
(4730, 2624),
(4730, 2625),
(4731, 2626),
(4731, 2628),
(4731, 2627),
(4734, 2629),
(4737, 2630),
(4739, 2631),
(4739, 2632),
(4740, 2633),
(4740, 2634),
(4741, 2635),
(4741, 2636),
(4742, 2637),
(4742, 2638),
(4743, 2639),
(4744, 2640),
(4763, 2641),
(4803, 2642),
(4804, 2643),
(4805, 2645),
(4805, 2644),
(4806, 2646),
(4806, 2647),
(4807, 2648),
(4807, 2649),
(4808, 2650),
(4808, 2651),
(4814, 2652),
(4815, 2653),
(4816, 2654),
(4817, 2655),
(4818, 2656),
(4819, 2657),
(4820, 2658),
(4820, 2659),
(4821, 2660),
(4822, 2661),
(4823, 2662),
(4823, 2663),
(4824, 2664),
(4824, 2665),
(4825, 2666),
(4825, 2667),
(4825, 2668),
(4830, 2669),
(4831, 2670),
(4833, 2671),
(4833, 2673),
(4833, 2672),
(4834, 2674),
(4860, 2675),
(4861, 2676),
(4862, 2677),
(4862, 2678),
(4863, 2679),
(4863, 2680),
(4864, 2681),
(4864, 2682),
(4865, 2683),
(4865, 2684),
(4866, 2685),
(4867, 2686),
(4867, 2687),
(4868, 2688),
(4868, 2689),
(4869, 2690),
(4869, 2691),
(4877, 2692),
(4878, 2693),
(4878, 2694),
(4879, 2695),
(4879, 2696),
(4880, 2697),
(4880, 2698),
(4881, 2699),
(4881, 2700),
(4882, 2701),
(4946, 2702),
(4946, 2703),
(4949, 2704),
(4953, 2705),
(4967, 2706),
(4968, 2707),
(4969, 2708),
(4969, 2709),
(4970, 2710),
(4970, 2711),
(4971, 2712),
(4971, 2713),
(4972, 2714),
(4972, 2715),
(4974, 2716),
(5073, 2717),
(5074, 2718),
(5076, 2719),
(5077, 2720),
(5081, 2721),
(5083, 2722),
(5084, 2723),
(5086, 2724),
(5100, 2725),
(5101, 2726),
(5102, 2727),
(5102, 2728),
(5103, 2729),
(5103, 2730),
(5104, 2731),
(5104, 2732),
(5105, 2733),
(5105, 2734),
(5110, 2735),
(5111, 2736),
(5112, 2737),
(5112, 2738),
(5113, 2739),
(5113, 2740),
(5114, 2741),
(5114, 2742),
(5115, 2743),
(5115, 2744),
(5219, 2745),
(5220, 2746),
(5221, 2747),
(5222, 2748),
(5223, 2749),
(5224, 2750),
(5225, 2751),
(5225, 2752),
(5225, 2753),
(5225, 2754),
(5227, 2755),
(5228, 2756),
(5229, 2757),
(5230, 2758),
(5231, 2759),
(5308, 2760),
(5308, 2762),
(5308, 2761),
(5308, 2763),
(5308, 2765),
(5308, 2764),
(5308, 2766),
(5308, 2767),
(5308, 2768),
(5308, 2769),
(5309, 2770),
(5309, 2771),
(5309, 2773),
(5309, 2772),
(5309, 2774),
(5309, 2776),
(5309, 2777),
(5309, 2775),
(5309, 2778),
(5309, 2779),
(5309, 2781),
(5309, 2780),
(5309, 2782),
(5309, 2783),
(5309, 2785),
(5309, 2784),
(5309, 2786),
(5309, 2787),
(5309, 2788),
(5309, 2789),
(5311, 2790),
(5311, 2791),
(5311, 2792),
(5311, 2793),
(5311, 2794),
(5311, 2795),
(5311, 2796),
(5311, 2797),
(5311, 2798),
(5311, 2799),
(5311, 2800),
(5311, 2801),
(5313, 2802),
(5313, 2803),
(5313, 2805),
(5313, 2804),
(5313, 2806),
(5313, 2807),
(5313, 2808),
(5314, 2809),
(5315, 2810),
(5315, 2811),
(5316, 2813),
(5316, 2812),
(5317, 2814),
(5317, 2815),
(5318, 2816),
(5318, 2817),
(5319, 2818),
(5377, 2819),
(5388, 2820),
(5476, 2821),
(5476, 2823),
(5476, 2822);